date,open,high,low,close,volume,amount,raw_open,raw_high,raw_low,raw_close,tradable,name,provisional
2016-01-04,373.388,373.388,343.041,343.615,97654.0,464540078.0,51.75,51.75,47.52,47.57,True,碧水源,False
2016-01-05,333.428,343.543,326.397,338.593,152514.0,715290660.0,46.18,47.59,45.2,46.9,True,碧水源,False
2016-01-06,339.31,344.045,332.136,341.176,93015.0,439588890.0,47.0,47.66,46.0,47.26,True,碧水源,False
2016-01-07,333.858,333.858,310.614,310.757,28242.0,121497084.0,46.24,46.24,43.0,43.02,True,碧水源,False
2016-01-08,320.658,321.375,300.211,311.762,126152.0,544472032.0,44.4,44.5,41.55,43.16,True,碧水源,False
2016-01-11,303.798,314.344,290.526,291.315,107854.0,434759474.0,42.05,43.52,40.2,40.31,True,碧水源,False
2016-01-12,290.598,306.812,290.598,300.929,99320.0,413667800.0,40.21,42.47,40.21,41.65,True,碧水源,False
2016-01-13,306.238,306.238,288.948,291.244,61662.0,248497860.0,42.39,42.39,39.98,40.3,True,碧水源,False
2016-01-14,282.993,308.462,282.348,308.462,99375.0,424331250.0,39.15,42.7,39.06,42.7,True,碧水源,False
2016-01-15,306.166,311.69,298.418,301.79,88876.0,371235052.0,42.38,43.15,41.3,41.77,True,碧水源,False
2016-01-18,298.776,313.484,298.776,303.153,73733.0,309383668.0,41.35,43.4,41.35,41.96,True,碧水源,False
2016-01-19,304.014,314.918,302.292,312.694,69584.0,301229136.0,42.08,43.6,41.84,43.29,True,碧水源,False
2016-01-20,312.049,319.94,307.959,310.614,73299.0,315185700.0,43.2,44.3,42.63,43.0,True,碧水源,False
2016-01-21,308.39,316.784,297.126,299.853,57732.0,239587800.0,42.69,43.86,41.12,41.5,True,碧水源,False
2016-01-22,302.722,305.233,294.615,300.427,71212.0,296099496.0,41.9,42.25,40.77,41.58,True,碧水源,False
2016-01-25,302.148,305.592,300.283,302.435,37774.0,158121964.0,41.82,42.3,41.56,41.86,True,碧水源,False
2016-01-26,299.781,301.718,274.241,274.743,83555.0,317509000.0,41.49,41.76,37.93,38.0,True,碧水源,False
2016-01-27,277.541,280.124,267.569,274.456,127990.0,485850040.0,38.39,38.75,37.0,37.96,True,碧水源,False
2016-01-28,273.308,277.326,266.923,268.286,57423.0,213039330.0,37.8,38.36,36.91,37.1,True,碧水源,False
2016-01-29,265.56,283.783,265.56,283.711,78580.0,308426500.0,36.72,39.26,36.72,39.25,True,碧水源,False
2016-02-01,281.989,284.715,274.743,278.904,54374.0,209774892.0,39.01,39.39,38.0,38.58,True,碧水源,False
2016-02-02,278.689,289.737,278.689,286.222,49106.0,194459760.0,38.55,40.09,38.55,39.6,True,碧水源,False
2016-02-03,283.998,286.15,276.537,283.209,57092.0,223686456.0,39.29,39.59,38.25,39.18,True,碧水源,False
2016-02-04,285.648,292.607,284.356,288.23,55572.0,221621136.0,39.52,40.49,39.34,39.88,True,碧水源,False
2016-02-05,288.374,291.244,286.652,286.796,42438.0,168393984.0,39.9,40.3,39.66,39.68,True,碧水源,False
2016-02-15,275.676,290.526,275.676,287.226,44255.0,175869370.0,38.13,40.2,38.13,39.74,True,碧水源,False
2016-02-16,289.091,299.924,288.733,297.987,69987.0,288626388.0,40.0,41.51,39.95,41.24,True,碧水源,False
2016-02-17,295.476,300.427,295.476,299.853,60504.0,251091600.0,40.89,41.58,40.89,41.5,True,碧水源,False
2016-02-18,302.722,303.296,296.911,297.844,52481.0,216326682.0,41.9,41.98,41.09,41.22,True,碧水源,False
2016-02-19,297.342,300.57,289.809,292.32,102020.0,412670900.0,41.15,41.6,40.1,40.45,True,碧水源,False
2016-02-22,295.548,297.485,293.109,294.185,87371.0,355687341.0,40.9,41.17,40.56,40.71,True,碧水源,False
2016-02-23,294.974,296.983,281.2,288.23,102332.0,408100016.0,40.82,41.1,38.9,39.88,True,碧水源,False
2016-02-24,287.585,289.737,278.904,286.437,67983.0,269416629.0,39.79,40.09,38.58,39.63,True,碧水源,False
2016-02-25,287.657,288.948,260.538,265.417,152406.0,559330020.0,39.8,39.98,36.02,36.7,True,碧水源,False
2016-02-26,269.004,270.797,261.83,268.43,124097.0,460648064.0,37.2,37.45,36.2,37.12,True,碧水源,False
2016-02-29,267.425,267.497,241.814,243.894,192593.0,649038410.0,36.98,36.99,33.41,33.7,True,碧水源,False
2016-03-01,245.975,252.862,242.388,249.562,146516.0,505333684.0,33.99,34.95,33.49,34.49,True,碧水源,False
2016-03-02,251.068,263.48,247.481,262.691,114751.0,416775632.0,34.7,36.43,34.2,36.32,True,碧水源,False
2016-03-03,262.691,267.354,259.749,259.893,94887.0,340928991.0,36.32,36.97,35.91,35.93,True,碧水源,False
2016-03-04,260.036,264.556,244.683,249.49,129560.0,446722880.0,35.95,36.58,33.81,34.48,True,碧水源,False
2016-03-07,258.243,260.825,253.221,257.669,83381.0,297003122.0,35.7,36.06,35.0,35.62,True,碧水源,False
2016-03-08,256.664,260.395,243.249,260.251,90131.0,324291338.0,35.48,36.0,33.61,35.98,True,碧水源,False
2016-03-09,255.014,258.171,249.49,253.651,89091.0,312353046.0,35.25,35.69,34.48,35.06,True,碧水源,False
2016-03-10,253.938,258.386,251.068,251.499,45958.0,159750008.0,35.1,35.72,34.7,34.76,True,碧水源,False
2016-03-11,246.764,254.871,246.764,251.642,53027.0,184427906.0,34.1,35.23,34.1,34.78,True,碧水源,False
2016-03-14,257.453,267.354,256.951,263.264,96729.0,352093560.0,35.59,36.97,35.52,36.4,True,碧水源,False
2016-03-15,263.982,264.699,257.669,258.243,75714.0,270298980.0,36.5,36.6,35.62,35.7,True,碧水源,False
2016-03-16,262.188,263.264,254.727,255.086,61324.0,216228424.0,36.25,36.4,35.21,35.26,True,碧水源,False
2016-03-17,258.888,269.004,256.234,268.573,135957.0,504944298.0,35.79,37.2,35.42,37.14,True,碧水源,False
2016-03-18,269.004,281.343,268.286,279.837,134715.0,521481765.0,37.2,38.92,37.1,38.71,True,碧水源,False
2016-03-21,282.85,287.657,277.828,280.841,110026.0,427451010.0,39.13,39.8,38.43,38.85,True,碧水源,False
2016-03-22,278.761,283.352,276.68,281.2,84368.0,328191520.0,38.56,39.2,38.27,38.9,True,碧水源,False
2016-03-23,281.2,283.783,277.326,282.778,77335.0,302534520.0,38.9,39.26,38.36,39.12,True,碧水源,False
2016-03-24,280.482,294.185,277.684,285.863,114044.0,451044020.0,38.8,40.71,38.41,39.55,True,碧水源,False
2016-03-25,283.854,286.007,278.402,281.487,57306.0,223149564.0,39.27,39.57,38.51,38.94,True,碧水源,False
2016-03-28,282.635,288.159,277.613,278.689,62128.0,239503440.0,39.1,39.87,38.4,38.55,True,碧水源,False
2016-03-29,279.048,281.2,266.278,267.569,88323.0,326795100.0,38.6,38.9,36.82,37.0,True,碧水源,False
2016-03-30,270.726,279.765,270.654,278.976,80948.0,312378332.0,37.44,38.7,37.43,38.59,True,碧水源,False
2016-03-31,281.63,286.939,279.119,281.846,77613.0,302613087.0,38.96,39.7,38.61,38.99,True,碧水源,False
2016-04-01,280.482,283.28,277.039,283.137,64942.0,254377814.0,38.8,39.19,38.32,39.17,True,碧水源,False
2016-04-05,282.204,292.105,281.128,290.383,93341.0,375044138.0,39.04,40.42,38.89,40.18,True,碧水源,False
2016-04-06,289.091,292.75,287.585,290.885,81061.0,326270525.0,40.0,40.51,39.79,40.25,True,碧水源,False
2016-04-07,292.678,299.781,289.45,289.809,112136.0,449665360.0,40.5,41.49,40.05,40.1,True,碧水源,False
2016-04-08,290.957,298.848,286.007,292.822,125473.0,508416596.00000006,40.26,41.36,39.57,40.52,True,碧水源,False
2016-04-11,296.266,305.377,295.261,303.583,113278.0,475994156.00000006,41.0,42.27,40.86,42.02,True,碧水源,False
2016-04-12,302.722,305.377,293.97,296.983,101637.0,417728070.0,41.9,42.27,40.68,41.1,True,碧水源,False
2016-04-13,299.709,304.372,297.557,297.7,97409.0,401325080.0,41.48,42.13,41.18,41.2,True,碧水源,False
2016-04-14,299.494,303.368,296.122,303.296,71223.0,298994154.0,41.45,41.99,40.98,41.98,True,碧水源,False
2016-04-15,305.52,306.166,299.494,300.57,103084.0,428829440.0,42.29,42.38,41.45,41.6,True,碧水源,False
2016-04-18,298.418,298.418,292.678,294.615,85774.0,349700598.0,41.3,41.3,40.5,40.77,True,碧水源,False
2016-04-19,296.911,298.059,291.244,294.831,60758.0,247892640.0,41.09,41.25,40.3,40.8,True,碧水源,False
2016-04-20,294.831,295.405,275.819,282.922,102500.0,401185000.0,40.8,40.88,38.15,39.14,True,碧水源,False
2016-04-21,282.922,286.365,279.478,281.917,70352.0,274372800.0,39.14,39.62,38.66,39.0,True,碧水源,False
2016-04-22,280.411,287.657,279.478,286.939,56165.0,222975050.00000003,38.79,39.8,38.66,39.7,True,碧水源,False
2016-04-25,285.791,292.535,282.635,291.244,63353.0,255312590.0,39.54,40.48,39.1,40.3,True,碧水源,False
2016-04-26,290.885,292.894,287.872,292.32,55158.0,223114110.00000003,40.25,40.53,39.83,40.45,True,碧水源,False
2016-04-27,292.32,297.772,290.67,296.409,73103.0,299868506.0,40.45,41.21,40.22,41.02,True,碧水源,False
2016-04-28,297.987,297.987,289.809,295.189,48920.0,199838200.0,41.24,41.24,40.1,40.85,True,碧水源,False
2016-04-29,294.544,297.557,290.885,292.32,34991.0,141538595.0,40.76,41.18,40.25,40.45,True,碧水源,False
2016-05-03,292.32,298.776,291.1,297.198,66635.0,274069755.0,40.45,41.35,40.28,41.13,True,碧水源,False
2016-05-04,297.198,298.992,293.252,294.544,78681.0,320703756.0,41.13,41.38,40.58,40.76,True,碧水源,False
2016-05-05,293.683,296.911,293.683,295.333,46901.0,191684387.0,40.64,41.09,40.64,40.87,True,碧水源,False
2016-05-06,296.696,296.696,282.276,282.276,68312.0,266758360.0,41.06,41.06,39.05,39.05,True,碧水源,False
2016-05-09,284.715,288.876,279.837,281.2,79969.0,311079410.0,39.39,39.97,38.71,38.9,True,碧水源,False
2016-05-10,281.415,283.137,274.743,280.339,40130.0,155624140.0,38.93,39.17,38.0,38.78,True,碧水源,False
2016-05-11,284.428,285.504,279.048,279.191,41409.0,159921558.0,39.35,39.5,38.6,38.62,True,碧水源,False
2016-05-12,277.469,279.263,272.089,276.895,80131.0,306901730.0,38.38,38.63,37.63,38.3,True,碧水源,False
2016-05-13,278.761,282.491,275.604,277.111,45901.0,175938533.0,38.56,39.08,38.12,38.33,True,碧水源,False
2016-05-16,274.901,274.901,265.355,269.244,225941.0,340493087.0,15.39,15.39,14.85,15.07,True,碧水源,False
2016-05-17,271.365,273.84,268.007,270.658,128604.0,194835060.0,15.19,15.33,15.0,15.15,True,碧水源,False
2016-05-18,271.012,271.012,260.051,262.349,168387.0,247192116.0,15.17,15.17,14.55,14.68,True,碧水源,False
2016-05-19,262.88,268.714,260.581,262.526,111570.0,163896330.0,14.71,15.04,14.58,14.69,True,碧水源,False
2016-05-20,260.758,267.476,260.581,265.531,98075.0,145739450.0,14.59,14.97,14.58,14.86,True,碧水源,False
2016-05-23,266.769,276.669,264.648,271.189,167919.0,254901042.0,14.93,15.49,14.81,15.18,True,碧水源,False
2016-05-24,271.542,273.664,267.653,271.365,83086.0,126207634.0,15.2,15.32,14.98,15.19,True,碧水源,False
2016-05-25,272.78,276.492,269.244,269.421,91856.0,138518848.0,15.27,15.48,15.07,15.08,True,碧水源,False
2016-05-26,269.244,272.426,263.94,267.653,93042.0,139376916.0,15.07,15.25,14.77,14.98,True,碧水源,False
2016-05-27,267.299,269.421,265.001,266.415,65623.0,97843893.0,14.96,15.08,14.83,14.91,True,碧水源,False
2016-05-30,265.355,266.415,260.935,264.471,81167.0,120127160.0,14.85,14.91,14.6,14.8,True,碧水源,False
2016-05-31,263.94,276.316,261.642,275.078,163821.0,252284340.0,14.77,15.47,14.64,15.4,True,碧水源,False
2016-06-01,276.846,278.967,273.664,273.84,161563.0,247676079.0,15.5,15.62,15.32,15.33,True,碧水源,False
2016-06-02,273.31,275.962,271.012,274.194,136910.0,210156850.0,15.3,15.45,15.17,15.35,True,碧水源,False
2016-06-03,274.901,281.973,272.603,278.437,205208.0,319919272.0,15.39,15.79,15.26,15.59,True,碧水源,False
2016-06-06,277.73,280.028,275.255,276.846,109343.0,169481650.0,15.55,15.68,15.41,15.5,True,碧水源,False
2016-06-07,277.73,279.144,272.957,275.962,117356.0,181315020.0,15.55,15.63,15.28,15.45,True,碧水源,False
2016-06-08,275.078,275.078,269.421,270.305,153534.0,232296942.0,15.4,15.4,15.08,15.13,True,碧水源,False
2016-06-13,267.299,267.299,255.631,255.631,203697.0,291286710.0,14.96,14.96,14.3,14.3,True,碧水源,False
2016-06-14,253.687,257.399,252.096,254.571,131982.0,187942368.0,14.19,14.4,14.1,14.24,True,碧水源,False
2016-06-15,250.328,264.648,249.09,261.465,146948.0,214984924.0,14.0,14.81,13.93,14.63,True,碧水源,False
2016-06-16,260.051,261.642,252.98,255.631,132359.0,189273370.0,14.55,14.64,14.15,14.3,True,碧水源,False
2016-06-17,254.394,265.708,254.394,258.814,132938.0,192494224.0,14.23,14.87,14.23,14.48,True,碧水源,False
2016-06-20,257.753,260.758,254.924,259.167,86083.0,124820350.0,14.42,14.59,14.26,14.5,True,碧水源,False
2016-06-21,260.051,267.476,258.46,260.581,167942.0,244859436.0,14.55,14.97,14.46,14.58,True,碧水源,False
2016-06-22,261.642,265.178,258.637,264.117,151683.0,224187474.0,14.64,14.84,14.47,14.78,True,碧水源,False
2016-06-23,264.117,265.885,259.698,263.764,149508.0,220673808.0,14.78,14.88,14.53,14.76,True,碧水源,False
2016-06-24,261.819,265.001,255.278,259.521,134681.0,195556812.0,14.65,14.83,14.28,14.52,True,碧水源,False
2016-06-27,257.576,264.648,257.399,263.587,142357.0,209976575.0,14.41,14.81,14.4,14.75,True,碧水源,False
2016-06-28,264.294,266.239,259.521,266.062,207228.0,308562492.0,14.79,14.9,14.52,14.89,True,碧水源,False
2016-06-29,266.769,269.067,264.471,265.355,131291.0,194967135.0,14.93,15.06,14.8,14.85,True,碧水源,False
2016-06-30,265.001,269.067,265.001,265.885,166145.0,247223760.0,14.83,15.06,14.83,14.88,True,碧水源,False
2016-07-01,267.123,267.476,261.996,263.233,106489.0,156858297.0,14.95,14.97,14.66,14.73,True,碧水源,False
2016-07-04,262.88,272.073,261.819,270.835,202441.0,306900556.0,14.71,15.23,14.65,15.16,True,碧水源,False
2016-07-05,271.542,272.426,268.183,269.951,139709.0,211100299.0,15.2,15.25,15.01,15.11,True,碧水源,False
2016-07-06,270.128,277.376,268.007,274.371,211499.0,324862464.0,15.12,15.53,15.0,15.36,True,碧水源,False
2016-07-07,273.487,286.569,273.487,282.326,249151.0,393907731.0,15.31,16.05,15.31,15.81,True,碧水源,False
2016-07-08,281.796,283.917,278.437,279.674,142630.0,223358580.0,15.78,15.9,15.59,15.66,True,碧水源,False
2016-07-11,280.912,283.741,278.437,281.796,140191.0,221221398.0,15.73,15.89,15.59,15.78,True,碧水源,False
2016-07-12,280.912,296.469,280.912,295.055,319900.0,528794700.00000006,15.73,16.61,15.73,16.53,True,碧水源,False
2016-07-13,298.06,304.248,293.641,295.055,278962.0,461124186.00000006,16.7,17.05,16.45,16.53,True,碧水源,False
2016-07-14,295.232,298.591,292.757,295.409,113795.0,188330725.0,16.54,16.73,16.4,16.55,True,碧水源,False
2016-07-15,296.292,303.894,293.817,299.475,176864.0,296777792.0,16.6,17.03,16.46,16.78,True,碧水源,False
2016-07-18,299.475,299.475,292.403,294.525,135242.0,223149300.0,16.78,16.78,16.38,16.5,True,碧水源,False
2016-07-19,292.757,295.055,284.978,289.575,175766.0,285092452.0,16.4,16.53,15.96,16.22,True,碧水源,False
2016-07-20,290.635,291.696,287.453,289.221,88792.0,143843040.0,16.28,16.34,16.1,16.2,True,碧水源,False
2016-07-21,289.751,299.475,289.751,295.762,135196.0,224019772.0,16.23,16.78,16.23,16.57,True,碧水源,False
2016-07-22,295.939,297.707,289.575,289.928,81415.0,132217960.0,16.58,16.68,16.22,16.24,True,碧水源,False
2016-07-25,287.807,296.116,287.453,289.575,108045.0,175248990.0,16.12,16.59,16.1,16.22,True,碧水源,False
2016-07-26,289.928,312.203,289.575,310.435,376581.0,655250940.0,16.24,17.5,16.22,17.4,True,碧水源,False
2016-07-27,307.96,311.673,298.06,302.126,329372.0,557626796.0,17.26,17.47,16.7,16.93,True,碧水源,False
2016-07-28,305.132,323.871,302.303,320.159,411362.0,738394790.0,17.1,18.16,16.94,17.95,True,碧水源,False
2016-07-29,322.634,328.821,316.269,319.275,232124.0,415501960.0,18.09,18.44,17.73,17.9,True,碧水源,False
2016-08-01,318.921,319.275,306.9,316.977,203686.0,361950022.0,17.88,17.9,17.2,17.77,True,碧水源,False
2016-08-02,314.502,329.705,314.502,326.346,293565.0,537223950.0,17.63,18.49,17.63,18.3,True,碧水源,False
2016-08-03,325.109,329.528,321.043,326.7,162704.0,298073728.0,18.23,18.48,18.0,18.32,True,碧水源,False
2016-08-04,325.286,336.954,323.164,336.954,251788.0,475879320.0,18.24,18.9,18.12,18.9,True,碧水源,False
2016-08-05,335.716,344.732,328.998,332.003,230561.0,429304582.0,18.83,19.34,18.45,18.62,True,碧水源,False
2016-08-08,330.059,334.655,324.755,332.18,156434.0,291436542.0,18.51,18.77,18.21,18.63,True,碧水源,False
2016-08-09,331.827,347.384,331.827,342.257,291502.0,559683840.0,18.61,19.49,18.61,19.2,True,碧水源,False
2016-08-10,342.257,342.611,330.059,332.003,265327.0,494038874.0,19.2,19.22,18.51,18.62,True,碧水源,False
2016-08-11,331.296,336.07,324.402,324.932,168805.0,307562710.0,18.58,18.85,18.19,18.22,True,碧水源,False
2016-08-12,324.932,330.766,323.694,327.23,142162.0,260867270.00000003,18.22,18.55,18.15,18.35,True,碧水源,False
2016-08-15,324.932,344.025,324.578,336.777,298042.0,563001338.0,18.22,19.3,18.2,18.89,True,碧水源,False
2016-08-16,336.777,347.561,336.777,339.252,214055.0,407346665.0,18.89,19.5,18.89,19.03,True,碧水源,False
2016-08-17,338.721,352.864,338.721,350.92,293884.0,578657596.0,19.0,19.8,19.0,19.69,True,碧水源,False
2016-08-18,348.798,351.097,342.257,344.732,171957.0,332564838.0,19.57,19.7,19.2,19.34,True,碧水源,False
2016-08-19,344.379,347.561,342.788,344.555,136117.0,263114161.0,19.32,19.5,19.23,19.33,True,碧水源,False
2016-08-22,343.495,343.495,324.048,324.578,337539.0,614320980.0,19.27,19.27,18.17,18.2,True,碧水源,False
2016-08-23,324.578,333.064,324.578,328.114,148278.0,272831520.0,18.2,18.68,18.2,18.4,True,碧水源,False
2016-08-24,331.473,331.473,320.159,323.341,223485.0,405178305.0,18.59,18.59,17.95,18.13,True,碧水源,False
2016-08-25,323.694,329.175,319.275,328.468,200012.0,368422104.00000006,18.15,18.46,17.9,18.42,True,碧水源,False
2016-08-26,327.761,345.793,325.816,339.252,297993.0,567080679.0,18.38,19.4,18.27,19.03,True,碧水源,False
2016-08-29,339.075,351.98,336.07,344.025,311981.0,602123330.0,19.02,19.75,18.85,19.3,True,碧水源,False
2016-08-30,345.793,347.207,337.484,339.075,172979.0,329006058.0,19.4,19.48,18.93,19.02,True,碧水源,False
2016-08-31,339.782,340.843,331.65,334.832,167258.0,314110524.0,19.06,19.12,18.6,18.78,True,碧水源,False
2016-09-01,335.539,337.837,330.943,331.12,122488.0,227460216.0,18.82,18.95,18.56,18.57,True,碧水源,False
2016-09-02,329.882,335.716,325.816,327.23,145411.0,266829185.00000003,18.5,18.83,18.27,18.35,True,碧水源,False
2016-09-05,327.937,339.605,327.937,334.125,200478.0,375695772.0,18.39,19.05,18.39,18.74,True,碧水源,False
2016-09-06,333.418,354.455,331.65,351.097,449611.0,885733670.0,18.7,19.89,18.6,19.7,True,碧水源,False
2016-09-07,351.273,367.007,351.097,356.754,519212.0,1039462424.0,19.71,20.6,19.7,20.02,True,碧水源,False
2016-09-08,356.223,362.588,351.097,360.82,285046.0,577218150.0,19.99,20.35,19.7,20.25,True,碧水源,False
2016-09-09,361.881,362.588,349.505,350.213,208417.0,409539405.0,20.31,20.35,19.61,19.65,True,碧水源,False
2016-09-12,341.904,351.097,338.014,340.312,295180.0,563498620.0,19.18,19.7,18.96,19.09,True,碧水源,False
2016-09-13,342.611,345.086,328.114,330.589,298690.0,553771260.0,19.22,19.36,18.4,18.54,True,碧水源,False
2016-09-14,329.882,329.882,319.098,321.043,375129.0,675232200.0,18.5,18.5,17.89,18.0,True,碧水源,False
2016-09-19,323.871,330.589,320.689,330.059,235512.0,435932712.00000006,18.16,18.54,17.98,18.51,True,碧水源,False
2016-10-17,344.732,344.732,329.175,331.473,362818.0,674478662.0,19.34,19.34,18.46,18.59,True,碧水源,False
2016-10-18,328.468,334.125,324.402,333.948,211785.0,396673305.0,18.42,18.74,18.19,18.73,True,碧水源,False
2016-10-19,334.302,335.009,328.291,329.882,135467.0,250613950.0,18.75,18.79,18.41,18.5,True,碧水源,False
2016-10-20,329.352,334.302,328.114,331.296,122572.0,227738776.0,18.47,18.75,18.4,18.58,True,碧水源,False
2016-10-21,331.65,334.302,324.402,327.407,130550.0,239689800.0,18.6,18.75,18.19,18.36,True,碧水源,False
2016-10-24,328.114,333.241,326.17,330.589,121405.0,225084870.0,18.4,18.69,18.29,18.54,True,碧水源,False
2016-10-25,330.412,332.534,327.584,329.175,76119.0,140515674.0,18.53,18.65,18.37,18.46,True,碧水源,False
2016-10-26,329.882,330.589,323.518,328.291,146081.0,268935121.0,18.5,18.54,18.14,18.41,True,碧水源,False
2016-10-27,329.528,329.705,325.816,327.937,81925.0,150660075.0,18.48,18.49,18.27,18.39,True,碧水源,False
2016-10-28,329.352,334.302,327.407,328.291,112242.0,206637522.0,18.47,18.75,18.36,18.41,True,碧水源,False
2016-10-31,324.932,326.877,322.28,322.987,103305.0,187085355.0,18.22,18.33,18.07,18.11,True,碧水源,False
2016-11-01,323.164,323.871,318.037,323.164,144668.0,262138416.0,18.12,18.16,17.83,18.12,True,碧水源,False
2016-11-02,323.518,323.694,309.552,313.971,257813.0,453750880.00000006,18.14,18.15,17.35,17.6,True,碧水源,False
2016-11-03,312.734,317.33,309.728,312.557,151043.0,264627336.0,17.53,17.79,17.36,17.52,True,碧水源,False
2016-11-04,312.027,322.811,311.143,317.33,154839.0,275458581.0,17.49,18.1,17.44,17.79,True,碧水源,False
2016-11-07,321.219,323.871,316.093,317.33,158123.0,281300817.0,18.01,18.16,17.72,17.79,True,碧水源,False
2016-11-08,319.805,320.866,316.977,317.507,125834.0,223984520.0,17.93,17.99,17.77,17.8,True,碧水源,False
2016-11-09,317.153,321.396,309.905,315.562,131670.0,232924230.00000003,17.78,18.02,17.37,17.69,True,碧水源,False
2016-11-10,319.098,324.578,317.507,320.689,143318.0,257685764.0,17.89,18.2,17.8,17.98,True,碧水源,False
2016-11-11,322.634,324.578,320.512,322.457,98189.0,177525711.99999997,18.09,18.2,17.97,18.08,True,碧水源,False
2016-11-14,321.043,330.236,320.689,326.346,164550.0,301126500.0,18.0,18.52,17.98,18.3,True,碧水源,False
2016-11-15,327.23,327.761,322.457,325.286,115111.0,209962464.0,18.35,18.38,18.08,18.24,True,碧水源,False
2016-11-16,326.7,329.705,324.578,324.932,108755.0,198151610.0,18.32,18.49,18.2,18.22,True,碧水源,False
2016-11-17,324.755,325.109,316.623,319.098,155680.0,278511520.0,18.21,18.23,17.75,17.89,True,碧水源,False
2016-11-18,320.866,321.573,315.385,316.623,87515.0,155339125.0,17.99,18.03,17.68,17.75,True,碧水源,False
2016-11-21,314.855,318.921,312.027,313.264,128093.0,224931308.0,17.65,17.88,17.49,17.56,True,碧水源,False
2016-11-22,314.855,315.562,311.319,314.325,147560.0,260000720.0,17.65,17.69,17.45,17.62,True,碧水源,False
2016-11-23,315.385,320.159,315.385,316.8,153861.0,273257136.0,17.68,17.95,17.68,17.76,True,碧水源,False
2016-11-24,316.977,318.744,309.728,310.259,217631.0,378460309.0,17.77,17.87,17.36,17.39,True,碧水源,False
2016-11-25,310.259,314.855,306.9,314.855,120420.0,212541300.0,17.39,17.65,17.2,17.65,True,碧水源,False
2016-11-28,316.623,317.33,313.087,314.148,102859.0,181134699.0,17.75,17.79,17.55,17.61,True,碧水源,False
2016-11-29,315.209,322.103,309.552,320.159,191666.0,344040470.0,17.67,18.06,17.35,17.95,True,碧水源,False
2016-11-30,318.744,324.578,317.507,321.219,180107.0,324372707.0,17.87,18.2,17.8,18.01,True,碧水源,False
2016-12-01,322.28,327.761,319.628,326.523,194237.0,355647947.0,18.07,18.38,17.92,18.31,True,碧水源,False
2016-12-02,324.578,328.114,320.159,322.811,163827.0,296526870.0,18.2,18.4,17.95,18.1,True,碧水源,False
2016-12-05,320.336,328.114,319.628,323.164,155899.0,282488988.0,17.96,18.4,17.92,18.12,True,碧水源,False
2016-12-06,324.578,325.816,318.744,319.275,89215.0,159694850.0,18.2,18.27,17.87,17.9,True,碧水源,False
2016-12-07,317.861,320.512,314.325,318.568,97871.0,174797606.0,17.82,17.97,17.62,17.86,True,碧水源,False
2016-12-08,319.452,320.159,313.087,314.325,111075.0,195714150.0,17.91,17.95,17.55,17.62,True,碧水源,False
2016-12-09,314.325,317.33,309.905,310.966,140025.0,244063575.0,17.62,17.79,17.37,17.43,True,碧水源,False
2016-12-12,309.552,313.794,299.828,304.425,171998.0,293428588.0,17.35,17.59,16.8,17.06,True,碧水源,False
2016-12-13,315.739,320.689,312.557,316.977,295200.0,524570400.0,17.7,17.98,17.52,17.77,True,碧水源,False
2016-12-14,315.385,324.048,314.148,316.093,213066.0,377552952.0,17.68,18.17,17.61,17.72,True,碧水源,False
2016-12-15,311.143,312.557,304.601,307.076,242686.0,417662606.0,17.44,17.52,17.07,17.21,True,碧水源,False
2016-12-16,306.546,310.082,304.778,307.784,126925.0,218945625.0,17.18,17.38,17.08,17.25,True,碧水源,False
2016-12-19,307.96,308.137,303.718,304.425,96683.0,164941198.0,17.26,17.27,17.02,17.06,True,碧水源,False
2016-12-20,305.132,308.491,304.425,305.839,91170.0,156265380.0,17.1,17.29,17.06,17.14,True,碧水源,False
2016-12-21,306.546,314.325,306.546,310.259,95398.0,165897122.0,17.18,17.62,17.18,17.39,True,碧水源,False
2016-12-22,311.496,316.623,309.021,310.612,127670.0,222273470.0,17.46,17.75,17.32,17.41,True,碧水源,False
2016-12-23,311.85,312.734,303.541,304.071,116915.0,199223160.0,17.48,17.53,17.01,17.04,True,碧水源,False
2016-12-26,304.778,310.259,300.712,310.082,116237.0,202019906.0,17.08,17.39,16.85,17.38,True,碧水源,False
2016-12-27,312.91,316.269,311.496,313.087,129454.0,227191770.0,17.54,17.73,17.46,17.55,True,碧水源,False
2016-12-28,314.855,314.855,311.319,313.087,92786.0,162839430.0,17.65,17.65,17.45,17.55,True,碧水源,False
2016-12-29,312.91,314.855,310.082,311.143,110548.0,192795712.0,17.54,17.65,17.38,17.44,True,碧水源,False
2016-12-30,313.971,315.739,310.435,312.557,101050.0,177039600.0,17.6,17.7,17.4,17.52,True,碧水源,False
2017-01-03,313.087,322.28,313.087,318.037,110041.0,196203103.0,17.55,18.07,17.55,17.83,True,碧水源,False
2017-01-04,317.861,320.159,315.916,318.921,119991.0,214543908.0,17.82,17.95,17.71,17.88,True,碧水源,False
2017-01-05,320.689,321.75,318.214,319.452,92979.0,166525389.0,17.98,18.04,17.84,17.91,True,碧水源,False
2017-01-06,320.689,322.28,313.971,317.861,129802.0,231307164.0,17.98,18.07,17.6,17.82,True,碧水源,False
2017-01-09,316.093,317.507,312.91,313.794,107151.0,188478609.0,17.72,17.8,17.54,17.59,True,碧水源,False
2017-01-10,312.557,316.623,312.027,313.618,65888.0,115831104.0,17.52,17.75,17.49,17.58,True,碧水源,False
2017-01-11,313.618,314.325,307.43,307.43,86250.0,148608750.0,17.58,17.62,17.23,17.23,True,碧水源,False
2017-01-12,308.491,309.375,300.712,300.889,149018.0,251244348.0,17.29,17.34,16.85,16.86,True,碧水源,False
2017-01-13,301.596,303.894,294.171,298.767,148771.0,249042654.0,16.9,17.03,16.48,16.74,True,碧水源,False
2017-01-16,297.53,298.944,286.216,293.817,138231.0,227528226.0,16.67,16.75,16.03,16.46,True,碧水源,False
2017-01-17,292.58,298.767,288.691,296.292,109841.0,182336060.00000003,16.39,16.74,16.17,16.6,True,碧水源,False
2017-01-18,296.823,298.06,293.641,294.171,84609.0,139435632.0,16.63,16.7,16.45,16.48,True,碧水源,False
2017-01-19,293.287,295.585,293.287,294.348,62165.0,102510085.0,16.43,16.56,16.43,16.49,True,碧水源,False
2017-01-20,295.055,302.126,293.994,299.651,101055.0,169671345.0,16.53,16.93,16.47,16.79,True,碧水源,False
2017-01-23,299.651,303.364,298.591,300.182,64560.0,108589920.0,16.79,17.0,16.73,16.82,True,碧水源,False
2017-01-24,292.05,292.05,270.482,273.487,939933.0,1439037423.0,16.36,16.36,15.14,15.31,True,碧水源,False
2017-01-25,273.487,275.078,268.183,274.194,316533.0,485878155.0,15.31,15.4,15.01,15.35,True,碧水源,False
2017-01-26,274.194,278.083,273.664,277.553,201431.0,313023774.0,15.35,15.57,15.32,15.54,True,碧水源,False
2017-02-03,278.437,279.321,275.432,278.614,92094.0,143666640.0,15.59,15.64,15.42,15.6,True,碧水源,False
2017-02-06,279.498,288.16,278.791,284.448,194407.0,309690351.0,15.65,16.14,15.61,15.93,True,碧水源,False
2017-02-07,284.094,284.801,278.791,280.735,163575.0,257139900.0,15.91,15.95,15.61,15.72,True,碧水源,False
2017-02-08,278.791,282.503,275.962,280.912,144611.0,227473103.0,15.61,15.82,15.45,15.73,True,碧水源,False
2017-02-09,281.089,286.746,281.089,284.271,201889.0,321407288.0,15.74,16.06,15.74,15.92,True,碧水源,False
2017-02-10,282.857,288.514,282.503,287.807,178942.0,288454504.0,15.84,16.16,15.82,16.12,True,碧水源,False
2017-02-13,287.63,288.337,283.917,287.276,169097.0,272077073.0,16.11,16.15,15.9,16.09,True,碧水源,False
2017-02-14,287.276,291.696,286.039,287.63,116574.0,187800714.0,16.09,16.34,16.02,16.11,True,碧水源,False
2017-02-15,287.63,291.519,282.503,282.857,148840.0,235762560.0,16.11,16.33,15.82,15.84,True,碧水源,False
2017-02-16,282.857,285.155,280.558,282.149,102050.0,161239000.0,15.84,15.97,15.71,15.8,True,碧水源,False
2017-02-17,282.326,287.1,281.266,283.564,125073.0,198615924.0,15.81,16.08,15.75,15.88,True,碧水源,False
2017-02-20,285.332,286.923,282.503,285.685,132674.0,212278400.0,15.98,16.07,15.82,16.0,True,碧水源,False
2017-02-21,285.332,288.867,283.033,288.867,172855.0,279679390.0,15.98,16.18,15.85,16.18,True,碧水源,False
2017-02-22,287.276,289.751,286.039,288.514,131610.0,212681760.0,16.09,16.23,16.02,16.16,True,碧水源,False
2017-02-23,288.337,288.337,285.862,287.453,99354.0,159959940.0,16.15,16.15,16.01,16.1,True,碧水源,False
2017-02-24,286.746,289.398,286.039,288.514,128501.0,207657616.0,16.06,16.21,16.02,16.16,True,碧水源,False
2017-02-27,289.044,297.0,288.514,292.934,252640.0,414582240.0,16.19,16.64,16.16,16.41,True,碧水源,False
2017-02-28,292.757,293.464,290.282,292.403,124087.0,203254506.0,16.4,16.44,16.26,16.38,True,碧水源,False
2017-03-01,293.287,297.0,293.11,295.585,162211.0,268621416.0,16.43,16.64,16.42,16.56,True,碧水源,False
2017-03-02,296.116,297.176,292.403,292.757,106768.0,175099519.99999997,16.59,16.65,16.38,16.4,True,碧水源,False
2017-03-03,293.11,293.641,290.282,292.757,117239.0,192271960.0,16.42,16.45,16.26,16.4,True,碧水源,False
2017-03-06,291.873,296.646,291.696,295.585,107388.0,177834528.0,16.35,16.62,16.34,16.56,True,碧水源,False
2017-03-07,295.585,302.834,294.701,298.591,202149.0,338195277.0,16.56,16.97,16.51,16.73,True,碧水源,False
2017-03-08,298.944,299.828,295.232,297.176,112389.0,187127685.0,16.75,16.8,16.54,16.65,True,碧水源,False
2017-03-09,296.646,296.646,290.458,292.05,128682.0,210523752.0,16.62,16.62,16.27,16.36,True,碧水源,False
2017-03-10,291.696,293.641,288.16,289.044,133500.0,216136500.00000003,16.34,16.45,16.14,16.19,True,碧水源,False
2017-03-13,289.221,295.762,287.63,293.641,179749.0,295687105.0,16.2,16.57,16.11,16.45,True,碧水源,False
2017-03-14,295.409,299.475,292.757,293.641,151728.0,249592560.0,16.55,16.78,16.4,16.45,True,碧水源,False
2017-03-15,293.641,302.126,293.11,300.535,257196.0,433118064.0,16.45,16.93,16.42,16.84,True,碧水源,False
2017-03-16,300.005,302.834,299.298,300.535,199828.0,336510352.0,16.81,16.97,16.77,16.84,True,碧水源,False
2017-03-17,300.535,304.601,298.237,298.414,174542.0,291834224.0,16.84,17.07,16.71,16.72,True,碧水源,False
2017-03-20,298.237,300.535,297.0,299.828,100978.0,169643040.0,16.71,16.84,16.64,16.8,True,碧水源,False
2017-03-21,299.475,305.132,297.884,303.364,148632.0,252674400.0,16.78,17.1,16.69,17.0,True,碧水源,False
2017-03-22,301.596,303.01,297.0,298.06,158455.0,264619850.0,16.9,16.98,16.64,16.7,True,碧水源,False
2017-03-23,297.884,300.182,293.464,295.409,166332.0,275279460.0,16.69,16.82,16.44,16.55,True,碧水源,False
2017-03-24,296.116,300.712,294.701,300.712,135386.0,228125410.00000003,16.59,16.85,16.51,16.85,True,碧水源,False
2017-03-27,301.596,302.48,297.353,297.53,105202.0,175371734.00000003,16.9,16.95,16.66,16.67,True,碧水源,False
2017-03-28,296.646,299.828,296.469,296.646,83802.0,139278924.0,16.62,16.8,16.61,16.62,True,碧水源,False
2017-03-29,297.176,298.414,292.757,293.287,86933.0,142830919.0,16.65,16.72,16.4,16.43,True,碧水源,False
2017-03-30,293.287,296.116,287.807,289.221,139109.0,225356580.0,16.43,16.59,16.12,16.2,True,碧水源,False
2017-03-31,289.575,292.226,287.807,289.575,119760.0,194250720.0,16.22,16.37,16.12,16.22,True,碧水源,False
2017-04-05,317.507,318.214,306.9,318.214,972130.0,1734279920.0,17.8,17.84,17.2,17.84,True,碧水源,False
2017-04-06,334.125,345.086,321.219,324.578,1034405.0,1882617100.0,18.74,19.36,18.01,18.2,True,碧水源,False
2017-04-07,327.584,356.754,324.755,356.754,1064864.0,2131857728.0,18.37,20.02,18.21,20.02,True,碧水源,False
2017-04-10,364.709,392.111,364.709,375.847,1770580.0,3735923800.000001,20.47,22.02,20.47,21.1,True,碧水源,False
2017-04-11,371.427,398.299,367.361,379.029,1665748.0,3544711744.0,20.85,22.37,20.62,21.28,True,碧水源,False
2017-04-12,369.129,371.25,345.97,350.213,1218626.0,2394600090.0,20.72,20.84,19.41,19.65,True,碧水源,False
2017-04-13,351.98,385.04,351.98,379.206,1483292.0,3157928668.0,19.75,21.62,19.75,21.29,True,碧水源,False
2017-04-14,383.802,383.802,361.881,373.018,989715.0,2072463210.0,21.55,21.55,20.31,20.94,True,碧水源,False
2017-04-17,370.543,389.99,365.77,377.615,1050020.0,2226042400.0,20.8,21.9,20.53,21.2,True,碧水源,False
2017-04-18,369.836,388.752,364.532,368.422,905186.0,1871924648.0,20.76,21.83,20.46,20.68,True,碧水源,False
2017-04-19,365.239,396.531,357.638,392.288,1429383.0,3148930749.0,20.5,22.27,20.07,22.03,True,碧水源,False
2017-04-20,391.227,391.227,370.543,373.018,1210774.0,2535360756.0,21.97,21.97,20.8,20.94,True,碧水源,False
2017-04-21,369.482,405.547,367.538,381.15,1398198.0,2992143720.0,20.74,22.78,20.63,21.4,True,碧水源,False
2017-04-24,387.161,389.813,361.881,370.366,988138.0,2054338902.0,21.74,21.89,20.31,20.79,True,碧水源,False
2017-04-25,367.007,383.979,358.168,363.295,1296107.0,2642762173.0,20.6,21.56,20.1,20.39,True,碧水源,False
2017-04-26,356.4,391.404,353.748,385.747,1552487.0,3362686842.0,20.0,21.98,19.85,21.66,True,碧水源,False
2017-04-27,379.382,391.404,362.234,376.024,1656293.0,3496434523.0,21.3,21.98,20.33,21.11,True,碧水源,False
2017-04-28,369.306,396.354,367.538,387.868,1401065.0,3051519570.0,20.73,22.26,20.63,21.78,True,碧水源,False
2017-05-02,386.277,400.243,378.675,400.243,1468311.0,3300763128.0,21.69,22.48,21.26,22.48,True,碧水源,False
2017-05-03,394.056,396.708,382.565,384.686,1107306.0,2391780960.0,22.13,22.28,21.48,21.6,True,碧水源,False
2017-05-04,381.327,405.547,380.443,388.575,1500620.0,3274352840.0,21.41,22.78,21.36,21.82,True,碧水源,False
2017-05-05,382.565,387.691,370.013,370.013,949009.0,1971091693.0,21.48,21.77,20.77,20.77,True,碧水源,False
2017-05-08,370.013,373.902,340.843,343.495,1014421.0,1954789267.0,20.77,20.99,19.12,19.27,True,碧水源,False
2017-05-09,340.666,346.5,338.014,343.141,563400.0,1084545000.0,19.11,19.44,18.96,19.25,True,碧水源,False
2017-05-10,344.025,345.263,327.407,331.827,815182.0,1517053702.0,19.3,19.37,18.36,18.61,True,碧水源,False
2017-05-11,332.711,341.373,330.412,339.429,738548.0,1406195392.0,18.66,19.15,18.53,19.04,True,碧水源,False
2017-05-12,336.954,347.561,331.65,340.312,786102.0,1500668718.0,18.9,19.5,18.6,19.09,True,碧水源,False
2017-05-15,336.954,344.909,335.716,337.661,516013.0,977328622.0,18.9,19.35,18.83,18.94,True,碧水源,False
2017-05-16,335.362,355.693,333.418,354.809,851602.0,1695539582.0,18.81,19.96,18.7,19.91,True,碧水源,False
2017-05-17,352.334,356.223,347.207,350.566,753566.0,1482264322.0000002,19.77,19.99,19.48,19.67,True,碧水源,False
2017-05-18,348.621,363.118,346.677,351.097,681498.0,1342551060.0,19.56,20.38,19.45,19.7,True,碧水源,False
2017-05-19,349.505,355.516,344.732,350.213,430461.0,845855864.9999999,19.61,19.95,19.34,19.65,True,碧水源,False
2017-05-22,350.566,354.279,337.307,340.489,541399.0,1034072090.0,19.67,19.88,18.92,19.1,True,碧水源,False
2017-05-23,338.368,339.959,324.932,325.286,508735.0,927932640.0,18.98,19.07,18.22,18.24,True,碧水源,False
2017-05-24,322.987,335.186,318.391,333.064,522907.0,976790276.0,18.11,18.8,17.85,18.68,True,碧水源,False
2017-05-25,332.887,341.196,323.871,336.954,515736.0,974741040.0,18.67,19.14,18.16,18.9,True,碧水源,False
2017-05-26,333.771,341.55,330.766,330.943,379532.0,704411392.0,18.72,19.16,18.55,18.56,True,碧水源,False
2017-05-31,337.13,337.13,330.589,330.943,375400.0,696742400.0,18.91,18.91,18.54,18.56,True,碧水源,False
2017-06-01,328.998,330.589,320.689,321.573,352787.0,636074961.0,18.45,18.54,17.98,18.03,True,碧水源,False
2017-06-02,319.911,331.933,319.558,329.635,369872.0,681674096.0,17.88,18.56,17.86,18.43,True,碧水源,False
2017-06-05,329.635,336.883,329.104,331.226,266357.0,493293164.0,18.43,18.84,18.4,18.52,True,碧水源,False
2017-06-06,330.695,337.59,329.104,332.64,236436.0,439770960.00000006,18.49,18.88,18.4,18.6,True,碧水源,False
2017-06-07,334.231,347.313,329.988,344.131,474319.0,913064075.0,18.69,19.43,18.45,19.25,True,碧水源,False
2017-06-08,348.197,353.501,343.424,343.601,465008.0,893745376.0,19.48,19.78,19.21,19.22,True,碧水源,False
2017-06-09,343.954,351.733,342.363,345.722,349076.0,675112984.0,19.24,19.68,19.15,19.34,True,碧水源,False
2017-06-12,346.96,354.915,346.783,349.435,440301.0,860788455.0,19.41,19.86,19.4,19.55,True,碧水源,False
2017-06-13,347.136,351.203,345.015,350.672,297301.0,583304562.0,19.42,19.65,19.3,19.62,True,碧水源,False
2017-06-14,349.435,349.965,343.424,344.661,258490.0,498368720.0,19.55,19.58,19.21,19.28,True,碧水源,False
2017-06-15,344.661,351.203,343.247,346.96,233744.0,453697104.0,19.28,19.65,19.2,19.41,True,碧水源,False
2017-06-16,345.545,353.854,344.838,344.838,348789.0,672813981.0,19.33,19.8,19.29,19.29,True,碧水源,False
2017-06-19,343.247,344.131,332.286,334.408,494940.0,925537800.0,19.2,19.25,18.58,18.7,True,碧水源,False
2017-06-20,335.292,340.242,334.054,336.176,303654.0,570869520.0,18.75,19.03,18.68,18.8,True,碧水源,False
2017-06-21,337.59,338.827,334.408,337.413,202487.0,382092969.0,18.88,18.95,18.7,18.87,True,碧水源,False
2017-06-22,337.59,338.297,330.695,331.226,305246.0,565315592.0,18.88,18.92,18.49,18.52,True,碧水源,False
2017-06-23,329.988,333.877,325.392,331.933,249562.0,463187072.0,18.45,18.67,18.19,18.56,True,碧水源,False
2017-06-26,332.286,335.999,326.806,334.231,337655.0,631077195.0,18.58,18.79,18.27,18.69,True,碧水源,False
2017-06-27,332.64,336.883,332.463,333.347,197020.0,367245280.0,18.6,18.84,18.59,18.64,True,碧水源,False
2017-06-28,331.579,335.292,329.281,332.286,217171.0,403503718.0,18.54,18.75,18.41,18.58,True,碧水源,False
2017-06-29,332.463,335.469,331.049,332.463,255484.0,474944756.0,18.59,18.76,18.51,18.59,True,碧水源,False
2017-06-30,331.226,333.877,329.811,333.524,180086.0,335860390.0,18.52,18.67,18.44,18.65,True,碧水源,False
2017-07-03,334.408,346.783,334.408,345.015,487693.0,941247490.0,18.7,19.4,18.7,19.3,True,碧水源,False
2017-07-04,343.778,346.429,340.065,342.717,263261.0,504671337.00000006,19.23,19.38,19.02,19.17,True,碧水源,False
2017-07-05,343.601,345.545,340.419,345.192,241156.0,465672236.0,19.22,19.33,19.04,19.31,True,碧水源,False
2017-07-06,345.192,350.672,341.479,347.844,320069.0,622854274.0,19.31,19.62,19.1,19.46,True,碧水源,False
2017-07-07,346.783,347.667,341.833,344.838,232624.0,448731696.0,19.4,19.45,19.12,19.29,True,碧水源,False
2017-07-10,344.838,344.838,335.292,335.645,321072.0,602652144.0,19.29,19.29,18.75,18.77,True,碧水源,False
2017-07-11,335.645,337.236,331.402,332.286,198234.0,368318772.0,18.77,18.86,18.53,18.58,True,碧水源,False
2017-07-12,331.402,336.883,326.452,336.352,247180.0,464945580.0,18.53,18.84,18.25,18.81,True,碧水源,False
2017-07-13,335.292,335.292,329.635,330.872,206844.0,382661400.0,18.75,18.75,18.43,18.5,True,碧水源,False
2017-07-14,320.265,323.624,306.122,309.658,890951.0,1541345230.0,17.9,18.09,17.1,17.3,True,碧水源,False
2017-07-17,310.365,311.425,296.575,297.282,418494.0,694700040.0,17.34,17.4,16.56,16.6,True,碧水源,False
2017-07-18,297.813,307.183,297.813,305.415,323762.0,552337972.0,16.63,17.16,16.63,17.06,True,碧水源,False
2017-07-19,304.0,308.243,301.172,308.066,255731.0,440113051.0,16.98,17.22,16.82,17.21,True,碧水源,False
2017-07-20,307.89,311.956,304.531,304.884,253493.0,431698579.0,17.2,17.43,17.01,17.03,True,碧水源,False
2017-07-21,303.824,311.425,303.824,306.475,227888.0,390144256.0,16.97,17.4,16.97,17.12,True,碧水源,False
2017-07-24,306.475,313.724,306.475,312.486,309190.0,539845740.0,17.12,17.53,17.12,17.46,True,碧水源,False
2017-07-25,313.193,313.193,306.652,307.359,234210.0,402138570.00000006,17.5,17.5,17.13,17.17,True,碧水源,False
2017-07-26,308.774,309.658,300.465,302.586,255700.0,432133000.0,17.25,17.3,16.78,16.9,True,碧水源,False
2017-07-27,302.586,314.254,299.934,313.017,460477.0,805374272.9999999,16.9,17.56,16.75,17.49,True,碧水源,False
2017-07-28,313.017,314.608,307.536,308.42,282403.0,486580369.0,17.49,17.58,17.18,17.23,True,碧水源,False
2017-07-31,308.597,311.602,307.713,309.481,211551.0,365771679.0,17.24,17.41,17.19,17.29,True,碧水源,False
2017-08-01,310.718,316.729,307.006,313.724,436273.0,764786569.0,17.36,17.7,17.15,17.53,True,碧水源,False
2017-08-02,314.077,314.254,307.89,310.365,359405.0,623208270.0,17.55,17.56,17.2,17.34,True,碧水源,False
2017-08-03,309.304,316.552,309.304,310.365,349550.0,606119700.0,17.28,17.69,17.28,17.34,True,碧水源,False
2017-08-04,309.658,310.718,303.47,305.415,337613.0,575967778.0,17.3,17.36,16.95,17.06,True,碧水源,False
2017-08-07,305.061,311.249,305.061,308.42,219860.0,378818780.0,17.04,17.39,17.04,17.23,True,碧水源,False
2017-08-08,312.84,316.022,310.718,313.724,431785.0,756919105.0,17.48,17.66,17.36,17.53,True,碧水源,False
2017-08-09,314.608,338.12,314.608,334.231,961417.0,1796888373.0000002,17.58,18.91,17.58,18.69,True,碧水源,False
2017-08-10,330.872,342.186,329.635,335.999,714562.0,1342661998.0,18.5,19.14,18.43,18.79,True,碧水源,False
2017-08-11,333.701,344.308,332.286,335.115,653985.0,1225567890.0,18.66,19.26,18.58,18.74,True,碧水源,False
2017-08-14,343.424,355.092,340.772,345.899,819261.0,1585270035.0,19.21,19.87,19.06,19.35,True,碧水源,False
2017-08-15,346.783,349.081,340.949,343.424,546125.0,1049106125.0,19.4,19.53,19.07,19.21,True,碧水源,False
2017-08-16,342.363,347.313,338.297,343.601,553352.0,1063542544.0,19.15,19.43,18.92,19.22,True,碧水源,False
2017-08-17,341.479,346.783,336.706,343.954,622206.0,1197124344.0,19.1,19.4,18.83,19.24,True,碧水源,False
2017-08-18,343.424,355.092,340.772,345.545,761997.0,1472940200.9999998,19.21,19.87,19.06,19.33,True,碧水源,False
2017-08-21,343.601,348.551,340.419,346.606,447225.0,867169275.0,19.22,19.5,19.04,19.39,True,碧水源,False
2017-08-22,347.313,349.435,342.54,343.424,413497.0,794327737.0,19.43,19.55,19.16,19.21,True,碧水源,False
2017-08-23,341.126,346.253,337.59,339.181,444892.0,843960124.0,19.08,19.37,18.88,18.97,True,碧水源,False
2017-08-24,342.363,347.49,338.827,339.711,444658.0,844850200.0,19.15,19.44,18.95,19.0,True,碧水源,False
2017-08-25,342.717,342.717,334.408,342.54,514051.0,984921716.0,19.17,19.17,18.7,19.16,True,碧水源,False
2017-08-28,343.07,347.844,341.302,343.954,504123.0,969932652.0,19.19,19.46,19.09,19.24,True,碧水源,False
2017-08-29,342.894,343.778,336.529,339.358,457287.0,867930726.0,19.18,19.23,18.82,18.98,True,碧水源,False
2017-08-30,339.535,341.833,336.176,337.06,347129.0,654338165.0,18.99,19.12,18.8,18.85,True,碧水源,False
2017-08-31,339.711,342.186,336.176,339.181,331988.0,629781236.0,19.0,19.14,18.8,18.97,True,碧水源,False
2017-09-01,339.181,341.479,335.822,340.595,398933.0,759967365.0,18.97,19.1,18.78,19.05,True,碧水源,False
2017-09-04,339.711,352.263,337.59,348.904,796991.0,1555726432.0,19.0,19.71,18.88,19.52,True,碧水源,False
2017-09-05,347.667,347.844,342.186,342.363,433630.0,830401449.9999999,19.45,19.46,19.14,19.15,True,碧水源,False
2017-09-06,341.833,342.894,337.413,339.004,349440.0,662538240.0,19.12,19.18,18.87,18.96,True,碧水源,False
2017-09-07,338.297,346.96,337.944,339.004,438360.0,831130560.0,18.92,19.41,18.9,18.96,True,碧水源,False
2017-09-08,340.595,340.949,334.938,335.292,312283.0,585530625.0,19.05,19.07,18.73,18.75,True,碧水源,False
2017-09-11,335.469,337.944,331.933,332.993,306717.0,571107054.0,18.76,18.9,18.56,18.62,True,碧水源,False
2017-09-12,334.585,335.645,331.226,332.817,265543.0,494175523.0,18.71,18.77,18.52,18.61,True,碧水源,False
2017-09-13,333.347,337.06,331.402,335.822,230368.0,432631104.0,18.64,18.85,18.53,18.78,True,碧水源,False
2017-09-14,335.292,335.645,331.402,332.64,208649.0,388087140.0,18.75,18.77,18.53,18.6,True,碧水源,False
2017-09-15,331.402,336.352,331.402,334.054,199445.0,372563260.0,18.53,18.81,18.53,18.68,True,碧水源,False
2017-09-18,333.701,336.176,332.817,334.231,150912.0,282054528.0,18.66,18.8,18.61,18.69,True,碧水源,False
2017-09-19,335.292,337.413,332.64,332.817,206438.0,384181118.0,18.75,18.87,18.6,18.61,True,碧水源,False
2017-09-20,333.524,337.06,332.993,336.706,267847.0,504355901.0,18.65,18.85,18.62,18.83,True,碧水源,False
2017-09-21,337.236,337.236,327.513,327.69,325258.0,595872656.0,18.86,18.86,18.31,18.32,True,碧水源,False
2017-09-22,326.983,327.69,319.911,321.502,295017.0,530145549.0,18.28,18.32,17.88,17.97,True,碧水源,False
2017-09-25,319.911,324.861,317.967,319.204,189631.0,338301704.0,17.88,18.16,17.77,17.84,True,碧水源,False
2017-09-26,321.502,325.215,318.497,322.386,146102.0,263275804.0,17.97,18.18,17.8,18.02,True,碧水源,False
2017-09-27,321.149,323.447,319.911,320.265,139009.0,248826110.0,17.95,18.08,17.88,17.9,True,碧水源,False
2017-09-28,319.911,322.386,318.674,319.734,134241.0,239888667.0,17.88,18.02,17.81,17.87,True,碧水源,False
2017-09-29,320.442,322.917,320.265,322.209,154083.0,277503483.0,17.91,18.05,17.9,18.01,True,碧水源,False
2017-10-09,325.745,327.69,323.624,324.684,185359.0,336426585.0,18.21,18.32,18.09,18.15,True,碧水源,False
2017-10-10,325.568,329.635,323.977,329.281,186732.0,343773612.0,18.2,18.43,18.11,18.41,True,碧水源,False
2017-10-11,329.811,329.811,325.922,326.983,217436.0,397473008.0,18.44,18.44,18.22,18.28,True,碧水源,False
2017-10-12,326.629,330.695,325.745,328.927,202013.0,371501907.0,18.26,18.49,18.21,18.39,True,碧水源,False
2017-10-13,328.22,347.667,325.922,344.661,816771.0,1574734488.0,18.35,19.45,18.22,19.28,True,碧水源,False
2017-10-16,341.479,343.247,333.524,333.524,520421.0,970585165.0,19.1,19.2,18.65,18.65,True,碧水源,False
2017-10-17,334.054,338.297,332.286,334.761,243432.0,455704704.0,18.68,18.92,18.58,18.72,True,碧水源,False
2017-10-18,335.645,343.247,332.64,334.408,363871.0,680438770.0,18.77,19.2,18.6,18.7,True,碧水源,False
2017-10-19,332.64,336.176,325.392,325.392,247541.0,450277079.00000006,18.6,18.8,18.19,18.19,True,碧水源,False
2017-10-20,325.392,332.993,324.861,331.402,214031.0,396599443.0,18.19,18.62,18.16,18.53,True,碧水源,False
2017-10-23,332.64,345.722,331.933,341.479,555961.0,1061885510.0,18.6,19.34,18.56,19.1,True,碧水源,False
2017-10-24,340.595,346.076,338.12,345.015,561196.0,1083108280.0,19.05,19.36,18.91,19.3,True,碧水源,False
2017-10-25,347.667,353.324,342.363,344.131,503645.0,969516625.0,19.45,19.77,19.15,19.25,True,碧水源,False
2017-10-26,341.126,344.661,335.292,340.595,473221.0,901486005.0,19.08,19.28,18.75,19.05,True,碧水源,False
2017-10-27,341.833,343.424,336.706,337.59,273586.0,516530368.0,19.12,19.21,18.83,18.88,True,碧水源,False
2017-10-30,337.59,341.126,332.286,338.12,379858.0,718311478.0,18.88,19.08,18.58,18.91,True,碧水源,False
2017-10-31,335.645,346.429,335.645,341.302,409603.0,781932127.0,18.77,19.38,18.77,19.09,True,碧水源,False
2017-11-01,339.711,344.485,336.706,342.717,410328.0,786598776.0000001,19.0,19.27,18.83,19.17,True,碧水源,False
2017-11-02,342.54,342.717,329.104,329.104,460586.0,847478239.9999999,19.16,19.17,18.4,18.4,True,碧水源,False
2017-11-03,325.922,329.635,319.558,323.27,395923.0,715432861.0,18.22,18.43,17.86,18.07,True,碧水源,False
2017-11-06,320.618,325.745,319.734,323.447,267111.0,482936688.0,17.92,18.21,17.87,18.08,True,碧水源,False
2017-11-07,323.447,324.684,318.674,322.386,249090.0,448860180.0,18.08,18.15,17.81,18.02,True,碧水源,False
2017-11-08,322.386,327.69,321.679,322.563,251249.0,453001947.0,18.02,18.32,17.98,18.03,True,碧水源,False
2017-11-09,322.563,326.452,321.856,323.977,152896.0,276894656.0,18.03,18.25,17.99,18.11,True,碧水源,False
2017-11-10,324.154,329.104,323.27,325.215,243410.0,442519380.0,18.12,18.4,18.07,18.18,True,碧水源,False
2017-11-13,326.276,326.452,318.143,319.027,320992.0,572328736.0,18.24,18.25,17.78,17.83,True,碧水源,False
2017-11-14,320.265,324.508,317.259,320.088,250483.0,448114087.0,17.9,18.14,17.73,17.89,True,碧水源,False
2017-11-15,318.143,322.386,314.961,321.149,196150.0,352089250.0,17.78,18.02,17.6,17.95,True,碧水源,False
2017-11-16,317.967,324.154,317.967,318.497,164596.0,292980880.0,17.77,18.12,17.77,17.8,True,碧水源,False
2017-11-17,319.204,320.618,306.122,317.79,328912.0,584147712.0,17.84,17.92,17.1,17.76,True,碧水源,False
2017-11-20,313.37,317.613,309.834,315.315,176426.0,310862612.0,17.51,17.75,17.31,17.62,True,碧水源,False
2017-11-21,313.9,319.027,312.486,315.315,161354.0,284305748.0,17.54,17.83,17.46,17.62,True,碧水源,False
2017-11-22,316.375,317.259,310.718,312.663,209740.0,366415780.0,17.68,17.73,17.36,17.47,True,碧水源,False
2017-11-23,313.193,314.077,304.884,305.768,193663.0,330776403.99999994,17.5,17.55,17.03,17.08,True,碧水源,False
2017-11-24,306.299,308.243,304.531,305.238,126036.0,214891380.0,17.11,17.22,17.01,17.05,True,碧水源,False
2017-11-27,306.122,311.249,302.763,307.006,182197.0,312467855.0,17.1,17.39,16.91,17.15,True,碧水源,False
2017-11-28,307.89,309.481,305.768,308.597,86423.0,148993252.0,17.2,17.29,17.08,17.24,True,碧水源,False
2017-11-29,308.597,312.309,308.066,309.304,121423.0,209818944.0,17.24,17.45,17.21,17.28,True,碧水源,False
2017-11-30,309.658,309.658,302.409,305.945,150800.0,257717200.0,17.3,17.3,16.89,17.09,True,碧水源,False
2017-12-01,305.945,309.304,305.415,308.066,118738.0,204348098.0,17.09,17.28,17.06,17.21,True,碧水源,False
2017-12-04,308.42,311.602,307.006,309.127,121416.0,209685432.0,17.23,17.41,17.15,17.27,True,碧水源,False
2017-12-05,309.127,310.718,302.94,303.647,129164.0,219062144.0,17.27,17.36,16.92,16.96,True,碧水源,False
2017-12-06,302.94,305.238,293.924,301.702,227739.0,383740215.00000006,16.92,17.05,16.41,16.85,True,碧水源,False
2017-12-07,300.288,302.763,298.52,299.227,96428.0,161131188.0,16.77,16.91,16.67,16.71,True,碧水源,False
2017-12-08,299.404,304.884,299.404,302.763,120265.0,203368115.0,16.72,17.03,16.72,16.91,True,碧水源,False
2017-12-11,302.233,306.829,301.525,305.238,129336.0,220517880.0,16.88,17.14,16.84,17.05,True,碧水源,False
2017-12-12,305.945,305.945,298.166,298.166,147682.0,245890530.0,17.09,17.09,16.65,16.65,True,碧水源,False
2017-12-13,297.813,303.47,297.813,303.116,124820.0,211320260.0,16.63,16.95,16.63,16.93,True,碧水源,False
2017-12-14,304.0,308.597,303.116,306.122,168792.0,288634320.0,16.98,17.24,16.93,17.1,True,碧水源,False
2017-12-15,305.238,308.774,304.531,307.006,99702.0,170988930.0,17.05,17.25,17.01,17.15,True,碧水源,False
2017-12-18,306.652,309.658,304.177,305.591,96204.0,164220228.0,17.13,17.3,16.99,17.07,True,碧水源,False
2017-12-19,306.122,312.84,306.122,310.542,208842.0,362340870.0,17.1,17.48,17.1,17.35,True,碧水源,False
2017-12-20,311.249,317.613,310.188,314.077,246366.0,432372330.0,17.39,17.75,17.33,17.55,True,碧水源,False
2017-12-21,316.022,321.149,314.077,317.613,249059.0,442079725.0,17.66,17.95,17.55,17.75,True,碧水源,False
2017-12-22,319.558,319.558,313.37,315.492,175219.0,308911097.0,17.86,17.86,17.51,17.63,True,碧水源,False
2017-12-25,315.315,319.027,309.834,312.133,148748.0,259416512.00000003,17.62,17.83,17.31,17.44,True,碧水源,False
2017-12-26,313.017,315.315,309.834,314.431,115107.0,202242999.0,17.49,17.62,17.31,17.57,True,碧水源,False
2017-12-27,314.077,315.492,310.895,311.425,112242.0,195301080.0,17.55,17.63,17.37,17.4,True,碧水源,False
2017-12-28,311.425,312.84,308.774,308.774,159830.0,275706750.0,17.4,17.48,17.25,17.25,True,碧水源,False
2017-12-29,308.95,312.133,307.89,310.895,105167.0,182675079.0,17.26,17.44,17.2,17.37,True,碧水源,False
2018-01-02,311.956,314.608,308.95,311.602,151887.0,264435267.0,17.43,17.58,17.26,17.41,True,碧水源,False
2018-01-03,312.84,326.629,310.188,325.392,510088.0,927850072.0,17.48,18.26,17.33,18.19,True,碧水源,False
2018-01-04,323.801,326.452,319.027,320.618,258349.0,462961408.00000006,18.1,18.25,17.83,17.92,True,碧水源,False
2018-01-05,321.149,323.093,317.436,317.79,186984.0,332083584.0,17.95,18.06,17.74,17.76,True,碧水源,False
2018-01-08,316.906,317.259,311.602,316.729,186122.0,329435940.0,17.71,17.73,17.41,17.7,True,碧水源,False
2018-01-09,316.906,316.906,312.309,313.37,149881.0,262441631.00000003,17.71,17.71,17.45,17.51,True,碧水源,False
2018-01-10,314.608,314.608,308.597,310.542,182474.0,316592390.0,17.58,17.58,17.24,17.35,True,碧水源,False
2018-01-11,310.895,313.017,309.481,312.486,153847.0,268616862.0,17.37,17.49,17.29,17.46,True,碧水源,False
2018-01-12,311.602,312.663,301.879,302.056,309016.0,521309992.00000006,17.41,17.47,16.86,16.87,True,碧水源,False
2018-01-15,302.409,302.586,293.924,295.515,244376.0,403220400.0,16.89,16.9,16.41,16.5,True,碧水源,False
2018-01-16,295.691,296.929,290.388,292.156,232198.0,378714938.0,16.51,16.58,16.21,16.31,True,碧水源,False
2018-01-17,291.979,299.757,288.62,296.222,220153.0,364133062.0,16.3,16.74,16.11,16.54,True,碧水源,False
2018-01-18,296.752,298.697,294.1,294.454,118837.0,195368028.00000003,16.57,16.68,16.42,16.44,True,碧水源,False
2018-01-19,294.454,295.161,290.034,292.686,167676.0,273982584.0,16.44,16.48,16.19,16.34,True,碧水源,False
2018-01-22,294.1,298.343,291.802,297.813,234890.0,390622070.0,16.42,16.66,16.29,16.63,True,碧水源,False
2018-01-23,299.404,300.288,295.515,296.752,231165.0,383040405.0,16.72,16.77,16.5,16.57,True,碧水源,False
2018-01-24,295.691,305.591,295.691,301.879,419665.0,707555190.0,16.51,17.07,16.51,16.86,True,碧水源,False
2018-01-25,302.586,307.536,301.172,301.349,376143.0,633048668.9999999,16.9,17.18,16.82,16.83,True,碧水源,False
2018-01-26,299.934,303.47,298.874,298.874,212894.0,355320086.0,16.75,16.95,16.69,16.69,True,碧水源,False
2018-01-29,304.0,307.183,299.934,301.172,322136.0,541832752.0,16.98,17.16,16.75,16.82,True,碧水源,False
2018-01-30,303.47,305.415,299.581,300.995,166678.0,280185718.0,16.95,17.06,16.73,16.81,True,碧水源,False
2018-01-31,299.404,301.525,286.322,290.918,391067.0,635092807.9999999,16.72,16.84,15.98,16.24,True,碧水源,False
2018-02-01,290.388,292.686,279.781,279.957,300781.0,469819922.0,16.21,16.34,15.61,15.62,True,碧水源,False
2018-02-02,279.957,282.432,267.405,270.941,402447.0,608097417.0,15.62,15.76,14.91,15.11,True,碧水源,False
2018-02-05,268.82,273.239,265.107,272.355,291285.0,442461915.0,14.99,15.24,14.78,15.19,True,碧水源,False
2018-02-06,265.461,269.704,255.03,255.207,264354.0,375911388.0,14.8,15.04,14.21,14.22,True,碧水源,False
2018-02-07,261.395,266.698,253.262,263.339,324677.0,476625836.0,14.57,14.87,14.11,14.68,True,碧水源,False
2018-02-08,262.809,272.709,262.102,271.472,252201.0,381832314.0,14.65,15.21,14.61,15.14,True,碧水源,False
2018-02-09,268.997,276.952,264.046,271.472,330047.0,499691158.0,15.0,15.45,14.72,15.14,True,碧水源,False
2018-02-12,271.648,276.068,269.173,274.83,216182.0,331407006.0,15.15,15.4,15.01,15.33,True,碧水源,False
2018-02-13,275.714,277.129,270.057,270.764,160222.0,241935220.0,15.38,15.46,15.06,15.1,True,碧水源,False
2018-02-14,271.648,273.239,269.173,271.118,83931.0,126903672.0,15.15,15.24,15.01,15.12,True,碧水源,False
2018-02-22,273.947,281.018,272.002,277.836,169408.0,262582400.0,15.28,15.68,15.17,15.5,True,碧水源,False
2018-02-23,280.488,288.266,279.781,283.493,296455.0,468991810.0,15.65,16.09,15.61,15.82,True,碧水源,False
2018-02-26,286.675,291.095,282.256,290.034,272424.0,441054456.00000006,16.0,16.25,15.75,16.19,True,碧水源,False
2018-02-27,290.741,292.863,287.736,288.973,204249.0,329453637.0,16.23,16.35,16.06,16.13,True,碧水源,False
2018-02-28,293.216,301.879,291.095,296.575,419790.0,695172240.0,16.37,16.86,16.25,16.56,True,碧水源,False
2018-03-01,296.399,300.465,293.747,297.282,239485.0,397545100.00000006,16.55,16.78,16.4,16.6,True,碧水源,False
2018-03-02,296.929,307.536,294.631,302.586,385273.0,651111370.0,16.58,17.18,16.45,16.9,True,碧水源,False
2018-03-05,305.238,305.768,300.818,304.177,213537.0,362799363.0,17.05,17.08,16.8,16.99,True,碧水源,False
2018-03-06,303.824,305.238,300.641,302.056,235361.0,397054007.0,16.97,17.05,16.79,16.87,True,碧水源,False
2018-03-07,302.056,303.647,294.807,295.338,242918.0,400571782.0,16.87,16.96,16.46,16.49,True,碧水源,False
2018-03-08,297.106,307.006,295.868,304.354,305898.0,520026600.0,16.59,17.15,16.52,17.0,True,碧水源,False
2018-03-09,306.122,308.774,302.233,307.359,330579.0,567604143.0,17.1,17.25,16.88,17.17,True,碧水源,False
2018-03-12,309.658,316.375,308.243,314.077,420952.0,738770760.0,17.3,17.68,17.22,17.55,True,碧水源,False
2018-03-13,315.845,315.845,307.359,307.536,214097.0,367818646.0,17.65,17.65,17.17,17.18,True,碧水源,False
2018-03-14,306.122,311.072,304.708,305.415,192361.0,328167866.0,17.1,17.38,17.02,17.06,True,碧水源,False
2018-03-15,304.354,307.536,299.404,303.824,200032.0,339454304.0,17.0,17.18,16.72,16.97,True,碧水源,False
2018-03-16,304.531,305.768,298.52,298.697,155614.0,259564152.0,17.01,17.08,16.67,16.68,True,碧水源,False
2018-03-19,300.818,307.183,300.465,302.586,215882.0,364840580.0,16.8,17.16,16.78,16.9,True,碧水源,False
2018-03-20,301.172,304.708,298.697,302.409,178084.0,300783876.0,16.82,17.02,16.68,16.89,True,碧水源,False
2018-03-21,302.409,305.768,295.691,295.868,208529.0,344489908.0,16.89,17.08,16.51,16.52,True,碧水源,False
2018-03-22,295.691,297.813,291.095,291.448,268438.0,436748626.0,16.51,16.63,16.25,16.27,True,碧水源,False
2018-03-23,283.139,292.863,278.189,284.377,355205.0,563710335.0,15.8,16.35,15.52,15.87,True,碧水源,False
2018-03-26,281.725,296.575,281.372,293.57,338359.0,554570401.0,15.72,16.56,15.7,16.39,True,碧水源,False
2018-03-27,295.515,311.249,293.57,309.304,483725.0,835876800.0,16.5,17.39,16.39,17.28,True,碧水源,False
2018-03-28,305.238,320.795,304.708,317.79,754333.0,1339695408.0,17.05,17.93,17.02,17.76,True,碧水源,False
2018-03-29,318.497,323.801,316.022,318.851,517525.0,922229550.0,17.8,18.1,17.66,17.82,True,碧水源,False
2018-03-30,321.502,325.568,320.265,324.154,386581.0,700484772.0,17.97,18.2,17.9,18.12,True,碧水源,False
2018-04-02,323.977,329.988,321.149,325.568,360409.0,655944380.0,18.11,18.45,17.95,18.2,True,碧水源,False
2018-04-03,321.326,331.579,319.558,322.209,472749.0,851420949.0000001,17.96,18.54,17.86,18.01,True,碧水源,False
2018-04-04,325.038,326.099,315.845,316.552,402433.0,711903977.0,18.17,18.23,17.65,17.69,True,碧水源,False
2018-04-09,319.381,322.209,314.608,319.381,231436.0,413113260.00000006,17.85,18.01,17.58,17.85,True,碧水源,False
2018-04-10,318.674,322.917,314.077,321.149,212046.0,380622570.0,17.81,18.05,17.55,17.95,True,碧水源,False
2018-04-11,321.502,323.977,310.542,311.956,343174.0,598152282.0,17.97,18.11,17.35,17.43,True,碧水源,False
2018-04-12,315.492,317.79,309.834,310.895,209933.0,364653621.0,17.63,17.76,17.31,17.37,True,碧水源,False
2018-04-13,314.254,316.552,309.834,309.834,152212.0,263478972.0,17.56,17.69,17.31,17.31,True,碧水源,False
2018-04-16,309.481,315.138,305.415,309.127,221298.0,382181646.0,17.29,17.61,17.06,17.27,True,碧水源,False
2018-04-17,310.542,314.254,304.177,304.884,277226.0,472115878.00000006,17.35,17.56,16.99,17.03,True,碧水源,False
2018-04-18,307.006,309.127,301.172,308.243,226313.0,389710986.0,17.15,17.27,16.82,17.22,True,碧水源,False
2018-04-19,306.829,313.017,303.647,311.602,237562.0,413595442.0,17.14,17.49,16.96,17.41,True,碧水源,False
2018-04-20,310.011,311.249,298.166,298.343,266247.0,443567502.0,17.32,17.39,16.65,16.66,True,碧水源,False
2018-04-23,301.349,303.293,297.636,300.995,164492.0,276511052.0,16.83,16.94,16.62,16.81,True,碧水源,False
2018-04-24,301.702,316.729,301.702,316.552,306479.0,542161351.0,16.85,17.7,16.85,17.69,True,碧水源,False
2018-04-25,314.431,325.038,314.431,319.734,318285.0,568775295.0,17.57,18.17,17.57,17.87,True,碧水源,False
2018-04-26,318.851,321.326,314.608,315.138,172767.0,304242687.0,17.82,17.96,17.58,17.61,True,碧水源,False
2018-04-27,316.729,330.695,316.729,330.695,488612.0,903443588.0,17.7,18.49,17.7,18.49,True,碧水源,False
2018-05-02,338.474,345.015,333.524,334.938,540010.0,1011438730.0,18.93,19.3,18.65,18.73,True,碧水源,False
2018-05-03,333.524,338.474,329.811,334.585,266124.0,497918004.0,18.65,18.93,18.44,18.71,True,碧水源,False
2018-05-04,333.701,343.247,333.701,335.999,230797.0,433667563.0,18.66,19.2,18.66,18.79,True,碧水源,False
2018-05-07,336.176,345.015,332.64,342.54,393798.0,754516968.0,18.8,19.3,18.6,19.16,True,碧水源,False
2018-05-08,341.479,343.07,338.297,340.772,214874.0,409549844.0,19.1,19.19,18.92,19.06,True,碧水源,False
2018-05-09,340.772,342.363,330.872,333.347,296671.0,552994744.0,19.06,19.15,18.5,18.64,True,碧水源,False
2018-05-10,336.176,339.004,332.993,335.469,212603.0,398843228.00000006,18.8,18.96,18.62,18.76,True,碧水源,False
2018-05-11,335.822,338.12,322.386,324.154,360480.0,653189760.0,18.78,18.91,18.02,18.12,True,碧水源,False
2018-05-14,325.038,328.751,321.502,328.574,297761.0,546986957.0,18.17,18.38,17.97,18.37,True,碧水源,False
2018-05-15,326.452,329.281,323.801,328.574,189105.0,347385885.0,18.25,18.41,18.1,18.37,True,碧水源,False
2018-05-16,328.574,331.756,324.154,329.104,195769.0,360214960.0,18.37,18.55,18.12,18.4,True,碧水源,False
2018-05-17,329.811,330.695,319.381,322.74,206149.0,371892796.0,18.44,18.49,17.85,18.04,True,碧水源,False
2018-05-18,321.502,329.988,320.618,329.281,246820.0,454395620.0,17.97,18.45,17.92,18.41,True,碧水源,False
2018-05-21,338.297,340.772,321.679,323.801,576308.0,1043117480.0,18.92,19.06,17.98,18.1,True,碧水源,False
2018-05-22,322.563,322.563,314.077,319.734,419260.0,749217620.0,18.03,18.03,17.55,17.87,True,碧水源,False
2018-05-23,319.381,319.381,309.481,309.834,301645.0,522147495.0,17.85,17.85,17.29,17.31,True,碧水源,False
2018-05-24,311.249,315.138,302.94,305.061,361563.0,616103352.0,17.39,17.61,16.92,17.04,True,碧水源,False
2018-05-25,305.768,306.652,288.443,290.741,468634.0,760592982.0,17.08,17.13,16.1,16.23,True,碧水源,False
2018-05-28,289.681,295.161,288.973,291.979,239305.0,390067150.0,16.17,16.48,16.13,16.3,True,碧水源,False
2018-05-29,292.332,294.277,283.139,287.206,247716.0,397088748.0,16.32,16.43,15.8,16.03,True,碧水源,False
2018-05-30,282.786,285.615,279.781,282.256,210536.0,331594200.0,15.78,15.94,15.61,15.75,True,碧水源,False
2018-05-31,283.67,284.377,279.25,283.139,253510.0,400545800.0,15.83,15.87,15.58,15.8,True,碧水源,False
2018-06-01,281.725,285.615,278.013,284.731,214079.0,340171531.0,15.72,15.94,15.51,15.89,True,碧水源,False
2018-06-04,287.736,292.863,287.559,290.918,252946.0,410784304.0,16.06,16.35,16.05,16.24,True,碧水源,False
2018-06-05,290.918,291.802,286.145,291.095,216427.0,351693875.0,16.24,16.29,15.97,16.25,True,碧水源,False
2018-06-06,291.448,291.448,272.886,276.068,459741.0,708001140.0,16.27,16.27,15.22,15.4,True,碧水源,False
2018-06-07,276.775,279.25,272.002,273.063,204638.0,311663674.0,15.44,15.58,15.17,15.23,True,碧水源,False
2018-06-08,272.886,274.83,270.941,273.593,131878.0,201245828.0,15.22,15.33,15.11,15.26,True,碧水源,False
2018-06-11,273.947,274.654,270.764,272.709,103505.0,157431105.0,15.28,15.32,15.1,15.21,True,碧水源,False
2018-06-12,273.416,279.25,273.416,278.366,188601.0,292897353.0,15.25,15.58,15.25,15.53,True,碧水源,False
2018-06-13,278.72,278.72,268.466,271.118,210116.0,317695392.0,15.55,15.55,14.97,15.12,True,碧水源,False
2018-06-14,270.411,273.593,268.466,268.466,126819.0,189848043.0,15.08,15.26,14.97,14.97,True,碧水源,False
2018-06-15,267.229,269.704,259.273,260.334,249813.0,362478663.0,14.9,15.04,14.45,14.51,True,碧水源,False
2018-06-19,255.737,262.455,247.959,251.141,330277.0,462057523.0,14.25,14.63,13.81,13.99,True,碧水源,False
2018-06-20,250.08,257.329,250.08,253.439,236485.0,333916820.0,13.93,14.34,13.93,14.12,True,碧水源,False
2018-06-21,253.086,254.323,243.539,243.893,277046.0,376228468.0,14.1,14.17,13.56,13.58,True,碧水源,False
2018-06-22,242.478,248.843,241.594,246.014,194598.0,266599260.0,13.5,13.86,13.45,13.7,True,碧水源,False
2018-06-25,248.843,250.434,241.594,243.362,189742.0,257100410.0,13.86,13.95,13.45,13.55,True,碧水源,False
2018-06-26,240.711,249.196,240.003,246.721,197724.0,271672776.0,13.4,13.88,13.36,13.74,True,碧水源,False
2018-06-27,247.075,249.55,244.246,248.666,175997.0,243755845.0,13.76,13.9,13.6,13.85,True,碧水源,False
2018-06-28,247.428,249.55,241.771,241.948,184822.0,248955234.0,13.78,13.9,13.46,13.47,True,碧水源,False
2018-06-29,243.362,250.434,241.771,250.08,197482.0,275092426.0,13.55,13.95,13.46,13.93,True,碧水源,False
2018-07-02,249.55,249.55,240.711,243.716,199796.0,271123172.0,13.9,13.9,13.4,13.57,True,碧水源,False
2018-07-03,243.893,247.428,241.241,246.721,216826.0,297918924.0,13.58,13.78,13.43,13.74,True,碧水源,False
2018-07-04,245.661,248.312,230.28,235.053,312521.0,408777468.0,13.68,13.83,12.81,13.08,True,碧水源,False
2018-07-05,233.462,236.114,219.673,225.684,308170.0,386753350.0,12.99,13.14,12.21,12.55,True,碧水源,False
2018-07-06,225.86,227.805,203.585,204.823,691553.0,786295761.0,12.56,12.67,11.3,11.37,True,碧水源,False
2018-07-09,203.226,209.414,202.342,208.53,363571.0,417743079.0,11.19,11.54,11.14,11.49,True,碧水源,False
2018-07-10,210.474,215.248,209.06,214.187,256359.0,302759979.0,11.6,11.87,11.52,11.81,True,碧水源,False
2018-07-11,210.828,212.949,204.11,209.06,229140.0,263969280.0,11.62,11.74,11.24,11.52,True,碧水源,False
2018-07-12,208.883,217.546,208.883,215.248,319748.0,379540876.0,11.51,12.0,11.51,11.87,True,碧水源,False
2018-07-13,215.424,220.551,214.364,218.783,262771.0,317164597.0,11.88,12.17,11.82,12.07,True,碧水源,False
2018-07-16,220.021,220.021,211.005,215.778,266815.0,317509850.0,12.14,12.14,11.63,11.9,True,碧水源,False
2018-07-17,215.424,215.601,210.651,213.48,159320.0,187519640.0,11.88,11.89,11.61,11.77,True,碧水源,False
2018-07-18,214.01,227.092,214.01,221.435,430681.0,526292182.0,11.8,12.54,11.8,12.22,True,碧水源,False
2018-07-19,227.092,240.175,227.092,230.805,464111.0,591741525.0,12.54,13.28,12.54,12.75,True,碧水源,False
2018-07-20,233.103,233.28,223.203,231.158,214373.0,273754321.0,12.88,12.89,12.32,12.77,True,碧水源,False
2018-07-23,229.567,242.65,228.683,241.589,345970.0,462215920.0,12.68,13.42,12.63,13.36,True,碧水源,False
2018-07-24,244.948,262.803,244.948,254.141,501512.0,705627384.0,13.55,14.56,13.55,14.07,True,碧水源,False
2018-07-25,254.494,254.494,247.776,250.075,208853.0,289052552.0,14.09,14.09,13.71,13.84,True,碧水源,False
2018-07-26,249.898,251.666,243.003,244.064,184302.0,248807700.0,13.83,13.93,13.44,13.5,True,碧水源,False
2018-07-27,243.71,247.6,240.175,241.766,166037.0,221991469.0,13.48,13.7,13.28,13.37,True,碧水源,False
2018-07-30,243.003,247.6,238.23,239.821,180441.0,239264766.0,13.44,13.7,13.17,13.26,True,碧水源,False
2018-07-31,240.528,243.357,238.407,240.528,108091.0,143761030.0,13.3,13.46,13.18,13.3,True,碧水源,False
2018-08-01,242.826,248.484,239.821,239.821,192143.0,254781618.0,13.43,13.75,13.26,13.26,True,碧水源,False
2018-08-02,236.992,236.992,222.142,230.628,283780.0,361535720.0,13.1,13.1,12.26,12.74,True,碧水源,False
2018-08-03,229.921,232.749,224.617,224.617,121036.0,150084640.0,12.7,12.86,12.4,12.4,True,碧水源,False
2018-08-06,224.264,234.517,223.733,229.037,214752.0,271661280.0,12.38,12.96,12.35,12.65,True,碧水源,False
2018-08-07,228.683,232.219,224.971,232.219,161654.0,207402082.0,12.63,12.83,12.42,12.83,True,碧水源,False
2018-08-08,226.915,227.976,212.949,213.656,335590.0,395325020.0,12.53,12.59,11.74,11.78,True,碧水源,False
2018-08-09,211.358,220.021,211.358,217.015,207310.0,248150070.0,11.65,12.14,11.65,11.97,True,碧水源,False
2018-08-10,214.01,219.844,211.358,218.43,205926.0,248140830.0,11.8,12.13,11.65,12.05,True,碧水源,False
2018-08-13,216.662,217.723,213.126,217.369,158212.0,189696188.0,11.95,12.01,11.75,11.99,True,碧水源,False
2018-08-14,218.43,221.965,217.369,218.606,158334.0,190950804.0,12.05,12.25,11.99,12.06,True,碧水源,False
2018-08-15,219.667,220.728,210.297,210.651,174712.0,202840632.0,12.12,12.18,11.59,11.61,True,碧水源,False
2018-08-16,208.53,213.303,207.292,210.651,106347.0,123468867.0,11.49,11.76,11.42,11.61,True,碧水源,False
2018-08-17,213.656,214.54,204.817,205.701,137233.0,155484989.0,11.78,11.83,11.28,11.33,True,碧水源,False
2018-08-20,205.701,209.59,202.519,207.646,117444.0,134355936.0,11.33,11.55,11.15,11.44,True,碧水源,False
2018-08-21,207.469,212.065,206.585,208.53,139112.0,159839688.0,11.43,11.69,11.38,11.49,True,碧水源,False
2018-08-22,209.06,209.06,203.226,204.287,110884.0,124744500.0,11.52,11.52,11.19,11.25,True,碧水源,False
2018-08-23,204.817,207.115,203.58,205.171,142207.0,160693910.0,11.28,11.41,11.21,11.3,True,碧水源,False
2018-08-24,205.701,205.701,203.756,204.11,107286.0,120589464.0,11.33,11.33,11.22,11.24,True,碧水源,False
2018-08-27,206.408,213.303,205.524,212.242,199416.0,233316720.0,11.37,11.76,11.32,11.7,True,碧水源,False
2018-08-28,211.889,213.656,207.999,209.944,183237.0,212005209.0,11.68,11.78,11.46,11.57,True,碧水源,False
2018-08-29,209.944,211.358,208.353,209.414,97807.0,112869278.0,11.57,11.65,11.48,11.54,True,碧水源,False
2018-08-30,210.474,210.828,204.464,204.817,123921.0,139782888.0,11.6,11.62,11.26,11.28,True,碧水源,False
2018-08-31,205.171,205.878,202.696,203.226,106088.0,118712472.0,11.3,11.34,11.16,11.19,True,碧水源,False
2018-09-03,202.872,204.464,197.569,199.513,158837.0,174403026.0,11.17,11.26,10.87,10.98,True,碧水源,False
2018-09-04,199.69,201.281,196.685,200.574,161570.0,178373280.0,10.99,11.08,10.82,11.04,True,碧水源,False
2018-09-05,200.397,203.049,196.685,196.685,144235.0,156062270.0,11.03,11.18,10.82,10.82,True,碧水源,False
2018-09-06,196.862,198.983,193.149,193.149,140420.0,149126040.0,10.83,10.95,10.62,10.62,True,碧水源,False
2018-09-07,194.563,195.624,187.846,189.437,194894.0,202884654.0,10.7,10.76,10.32,10.41,True,碧水源,False
2018-09-10,190.144,191.204,182.188,182.895,220372.0,221253488.0,10.45,10.51,10.0,10.04,True,碧水源,False
2018-09-11,182.895,185.37,180.067,181.658,193622.0,193041134.0,10.04,10.18,9.88,9.97,True,碧水源,False
2018-09-12,181.128,183.072,180.42,181.304,160204.0,159402980.0,9.94,10.05,9.9,9.95,True,碧水源,False
2018-09-13,183.072,184.84,181.481,183.956,178324.0,180107240.0,10.05,10.15,9.96,10.1,True,碧水源,False
2018-09-14,184.31,186.608,181.658,181.835,181719.0,181355562.0,10.12,10.25,9.97,9.98,True,碧水源,False
2018-09-17,180.951,180.951,170.52,171.404,281935.0,264736965.00000003,9.93,9.93,9.34,9.39,True,碧水源,False
2018-09-18,171.581,178.299,171.051,177.415,274185.0,266782005.0,9.4,9.78,9.37,9.73,True,碧水源,False
2018-09-19,178.299,182.719,177.238,181.128,223434.0,222093396.0,9.78,10.03,9.72,9.94,True,碧水源,False
2018-09-20,182.365,185.901,182.365,183.249,251077.0,252583462.0,10.01,10.21,10.01,10.06,True,碧水源,False
2018-09-21,184.663,188.022,182.365,187.138,162344.0,166889632.0,10.14,10.33,10.01,10.28,True,碧水源,False
2018-09-25,185.901,186.254,183.779,184.663,111801.0,113366214.0,10.21,10.23,10.09,10.14,True,碧水源,False
2018-09-26,184.663,187.669,183.072,185.194,189849.0,193076433.0,10.14,10.31,10.05,10.17,True,碧水源,False
2018-09-27,184.487,185.017,180.42,180.42,166585.0,164919150.0,10.13,10.16,9.9,9.9,True,碧水源,False
2018-09-28,182.188,183.603,179.183,182.188,199128.0,199128000.0,10.0,10.08,9.83,10.0,True,碧水源,False
2018-10-08,179.713,181.481,173.703,174.233,176671.0,168720805.0,9.86,9.96,9.52,9.55,True,碧水源,False
2018-10-09,174.94,176.001,168.399,169.106,203650.0,188579900.0,9.59,9.65,9.22,9.26,True,碧水源,False
2018-10-10,169.99,172.288,168.045,169.636,149688.0,139060152.0,9.31,9.44,9.2,9.29,True,碧水源,False
2018-10-11,162.742,164.333,153.195,153.195,378024.0,316028064.0,8.9,8.99,8.36,8.36,True,碧水源,False
2018-10-12,151.958,152.311,139.052,143.295,573212.0,447105360.0,8.29,8.31,7.56,7.8,True,碧水源,False
2018-10-15,142.765,146.124,139.583,140.113,224884.0,171361608.0,7.77,7.96,7.59,7.62,True,碧水源,False
2018-10-16,141.527,145.417,140.467,141.174,229439.0,176209152.0,7.7,7.92,7.64,7.68,True,碧水源,False
2018-10-17,144.179,144.709,136.931,140.113,257639.0,196320918.0,7.85,7.88,7.44,7.62,True,碧水源,False
2018-10-18,139.936,142.058,138.168,138.522,253814.0,191121942.0,7.61,7.73,7.51,7.53,True,碧水源,False
2018-10-19,136.4,140.82,130.743,139.936,369366.0,281087526.0,7.41,7.66,7.09,7.61,True,碧水源,False
2018-10-22,143.295,152.134,142.058,148.599,416235.0,337150350.0,7.8,8.3,7.73,8.1,True,碧水源,False
2018-10-23,150.72,162.919,148.599,157.615,832009.0,716359749.0,8.22,8.91,8.1,8.61,True,碧水源,False
2018-10-24,155.317,157.261,151.251,154.256,372831.0,313923702.0,8.48,8.59,8.25,8.42,True,碧水源,False
2018-10-25,149.659,152.134,147.538,150.543,311353.0,255620813.00000003,8.16,8.3,8.04,8.21,True,碧水源,False
2018-10-26,152.311,154.61,148.599,151.604,219298.0,181359446.0,8.31,8.44,8.1,8.27,True,碧水源,False
2018-10-29,151.781,151.958,146.124,147.715,189678.0,152690790.0,8.28,8.29,7.96,8.05,True,碧水源,False
2018-10-30,146.477,151.604,146.301,148.068,195919.0,158106633.0,7.98,8.27,7.97,8.07,True,碧水源,False
2018-10-31,148.952,151.958,148.776,150.013,234711.0,191993598.0,8.12,8.29,8.11,8.18,True,碧水源,False
2018-11-01,151.958,157.615,151.958,155.14,378038.0,320198186.0,8.29,8.61,8.29,8.47,True,碧水源,False
2018-11-02,162.565,170.167,159.56,170.167,640441.0,596891012.0,8.89,9.32,8.72,9.32,True,碧水源,False
2018-11-05,171.581,178.829,169.283,175.117,615388.0,590772480.0,9.4,9.81,9.27,9.6,True,碧水源,False
2018-11-06,173.349,173.526,165.394,168.222,325160.0,299472360.0,9.5,9.51,9.05,9.21,True,碧水源,False
2018-11-07,169.46,171.581,165.04,165.747,302958.0,274782906.0,9.28,9.4,9.03,9.07,True,碧水源,False
2018-11-08,167.869,168.576,162.565,163.626,213553.0,191129935.0,9.19,9.23,8.89,8.95,True,碧水源,False
2018-11-09,163.802,168.399,160.974,165.924,239281.0,217267148.0,8.96,9.22,8.8,9.08,True,碧水源,False
2018-11-12,166.985,182.012,166.985,182.012,579774.0,579194226.0,9.14,9.99,9.14,9.99,True,碧水源,False
2018-11-13,179.006,187.846,178.653,182.719,611360.0,613194080.0,9.82,10.32,9.8,10.03,True,碧水源,False
2018-11-14,182.188,188.376,180.067,184.487,335822.0,340187686.0,10.0,10.35,9.88,10.13,True,碧水源,False
2018-11-15,183.072,184.84,180.244,184.663,274933.0,278782062.0,10.05,10.15,9.89,10.14,True,碧水源,False
2018-11-16,185.017,187.138,180.597,181.658,336706.0,335695882.0,10.16,10.28,9.91,9.97,True,碧水源,False
2018-11-19,180.951,182.188,174.586,181.835,469355.0,468416290.0,9.93,10.0,9.57,9.98,True,碧水源,False
2018-11-20,180.067,181.481,172.465,173.703,334930.0,318853360.0,9.88,9.96,9.45,9.52,True,碧水源,False
2018-11-21,171.758,176.001,170.52,174.763,243668.0,233433944.0,9.41,9.65,9.34,9.58,True,碧水源,False
2018-11-22,176.001,177.238,172.642,173.172,240048.0,227805552.0,9.65,9.72,9.46,9.49,True,碧水源,False
2018-11-23,174.056,174.586,163.626,164.51,295558.0,266002200.0,9.54,9.57,8.95,9.0,True,碧水源,False
2018-11-26,164.51,168.576,161.858,163.802,246683.0,221027968.00000003,9.0,9.23,8.85,8.96,True,碧水源,False
2018-11-27,165.924,166.808,163.272,164.333,163748.0,147209452.0,9.08,9.13,8.93,8.99,True,碧水源,False
2018-11-28,165.394,166.454,159.383,165.924,235806.0,214111848.0,9.05,9.11,8.71,9.08,True,碧水源,False
2018-11-29,167.161,168.752,159.206,159.206,250901.0,218283870.0,9.15,9.24,8.7,8.7,True,碧水源,False
2018-11-30,159.206,160.797,155.67,159.736,261009.0,227860857.0,8.7,8.79,8.5,8.73,True,碧水源,False
2018-12-03,164.51,168.929,164.156,166.101,337682.0,306952938.0,9.0,9.25,8.98,9.09,True,碧水源,False
2018-12-04,166.985,169.636,165.04,167.338,232625.0,213084500.0,9.14,9.29,9.03,9.16,True,碧水源,False
2018-12-05,163.802,167.515,162.035,166.101,302669.0,275126121.0,8.96,9.17,8.86,9.09,True,碧水源,False
2018-12-06,165.217,165.747,161.504,162.035,204203.0,180923858.0,9.04,9.07,8.83,8.86,True,碧水源,False
2018-12-07,162.035,170.344,162.035,169.99,345846.0,321982626.0,8.86,9.33,8.86,9.31,True,碧水源,False
2018-12-10,166.808,171.228,165.924,166.454,273809.0,249439999.0,9.13,9.38,9.08,9.11,True,碧水源,False
2018-12-11,168.222,168.752,166.277,168.576,152700.0,140942100.0,9.21,9.24,9.1,9.23,True,碧水源,False
2018-12-12,168.929,177.592,168.576,175.824,366621.0,353422644.0,9.25,9.74,9.23,9.64,True,碧水源,False
2018-12-13,174.763,176.885,171.581,175.294,271593.0,261000873.0,9.58,9.7,9.4,9.61,True,碧水源,False
2018-12-14,175.824,180.244,169.813,171.051,407897.0,382199489.0,9.64,9.89,9.3,9.37,True,碧水源,False
2018-12-17,169.106,176.001,166.277,174.056,273936.0,261334944.0,9.26,9.65,9.1,9.54,True,碧水源,False
2018-12-18,171.935,172.819,163.802,165.57,287132.0,260141592.0,9.42,9.47,8.96,9.06,True,碧水源,False
2018-12-19,167.515,167.515,161.327,162.211,165083.0,146428621.0,9.17,9.17,8.82,8.87,True,碧水源,False
2018-12-20,161.858,164.156,160.974,163.272,137619.0,122893767.0,8.85,8.98,8.8,8.93,True,碧水源,False
2018-12-21,162.211,163.272,157.438,159.56,158152.0,137908544.0,8.87,8.93,8.6,8.72,True,碧水源,False
2018-12-24,159.56,161.151,158.322,159.383,123317.0,107409107.0,8.72,8.81,8.65,8.71,True,碧水源,False
2018-12-25,157.261,157.261,146.654,151.781,350229.0,289989612.0,8.59,8.59,7.99,8.28,True,碧水源,False
2018-12-26,151.958,152.842,148.776,148.952,186578.0,151501336.0,8.29,8.34,8.11,8.12,True,碧水源,False
2018-12-27,151.958,152.665,144.356,145.063,240387.0,189905730.0,8.29,8.33,7.86,7.9,True,碧水源,False
2018-12-28,145.947,146.654,143.118,143.295,201817.0,157417260.0,7.95,7.99,7.79,7.8,True,碧水源,False
2019-01-02,145.063,146.124,140.113,140.467,253934.0,194005576.0,7.9,7.96,7.62,7.64,True,碧水源,False
2019-01-03,141.527,144.886,140.82,142.058,245048.0,189422104.0,7.7,7.89,7.66,7.73,True,碧水源,False
2019-01-04,139.936,147.184,138.522,146.831,324093.0,259274400.0,7.61,8.02,7.53,8.0,True,碧水源,False
2019-01-07,148.068,149.836,146.124,148.599,293265.0,237544650.0,8.07,8.17,7.96,8.1,True,碧水源,False
2019-01-08,148.599,148.952,146.301,147.715,229536.0,184776480.00000003,8.1,8.12,7.97,8.05,True,碧水源,False
2019-01-09,147.892,150.897,146.477,146.654,323411.0,258405389.0,8.06,8.23,7.98,7.99,True,碧水源,False
2019-01-10,146.831,148.776,145.947,146.301,189415.0,150963755.0,8.0,8.11,7.95,7.97,True,碧水源,False
2019-01-11,146.654,147.361,144.002,146.124,210037.0,167189452.0,7.99,8.03,7.84,7.96,True,碧水源,False
2019-01-14,150.013,152.488,146.831,147.538,435885.0,350451539.99999994,8.18,8.32,8.0,8.04,True,碧水源,False
2019-01-15,146.477,146.831,137.284,142.765,583065.0,453041505.0,7.98,8.0,7.46,7.77,True,碧水源,False
2019-01-16,140.29,143.649,140.29,142.234,327891.0,253787634.0,7.63,7.82,7.63,7.74,True,碧水源,False
2019-01-17,141.527,143.825,140.467,140.467,255576.0,195260064.0,7.7,7.83,7.64,7.64,True,碧水源,False
2019-01-18,141.174,142.234,137.638,138.875,383500.0,289542500.0,7.68,7.74,7.48,7.55,True,碧水源,False
2019-01-21,139.406,143.825,138.522,142.234,515316.0,398854584.0,7.58,7.83,7.53,7.74,True,碧水源,False
2019-01-22,142.765,142.942,139.052,139.406,367800.0,278792400.0,7.77,7.78,7.56,7.58,True,碧水源,False
2019-01-23,138.522,139.406,133.218,134.456,438600.0,320178000.0,7.53,7.58,7.23,7.3,True,碧水源,False
2019-01-24,134.279,136.577,132.511,135.516,245931.0,181005216.0,7.29,7.42,7.19,7.36,True,碧水源,False
2019-01-25,135.87,139.583,135.516,136.224,334201.0,247308740.0,7.38,7.59,7.36,7.4,True,碧水源,False
2019-01-28,137.461,137.815,133.041,133.572,265621.0,192575225.0,7.47,7.49,7.22,7.25,True,碧水源,False
2019-01-29,134.102,135.163,130.213,134.456,239748.0,175016040.0,7.28,7.34,7.06,7.3,True,碧水源,False
2019-01-30,134.102,135.516,131.804,132.158,227609.0,163195653.0,7.28,7.36,7.15,7.17,True,碧水源,False
2019-01-31,130.213,132.865,129.859,130.92,239514.0,170054940.0,7.06,7.21,7.04,7.1,True,碧水源,False
2019-02-01,131.627,140.113,131.45,140.113,445320.0,339333840.0,7.14,7.62,7.13,7.62,True,碧水源,False
2019-02-11,140.113,142.942,139.406,142.765,385809.0,299773593.0,7.62,7.78,7.58,7.77,True,碧水源,False
2019-02-12,142.588,148.068,141.35,147.361,535684.0,430154252.0,7.76,8.07,7.69,8.03,True,碧水源,False
2019-02-13,148.068,149.659,145.593,149.129,475238.0,386368494.00000006,8.07,8.16,7.93,8.13,True,碧水源,False
2019-02-14,149.129,149.129,146.477,147.715,298781.0,240518705.00000003,8.13,8.13,7.98,8.05,True,碧水源,False
2019-02-15,150.367,156.201,149.659,150.013,605993.0,495702274.0,8.2,8.53,8.16,8.18,True,碧水源,False
2019-02-18,151.958,154.963,150.19,154.433,448869.0,378396567.0,8.29,8.46,8.19,8.43,True,碧水源,False
2019-02-19,153.902,158.499,150.897,153.195,484975.0,405439100.0,8.4,8.66,8.23,8.36,True,碧水源,False
2019-02-20,153.195,154.256,150.19,152.842,265724.0,221613816.0,8.36,8.42,8.19,8.34,True,碧水源,False
2019-02-21,152.134,154.786,150.013,150.72,402341.0,330724302.0,8.3,8.45,8.18,8.22,True,碧水源,False
2019-02-22,150.013,154.61,149.659,154.61,396247.0,334432468.0,8.18,8.44,8.16,8.44,True,碧水源,False
2019-02-25,157.085,167.692,155.14,166.985,847272.0,774406608.0,8.58,9.18,8.47,9.14,True,碧水源,False
2019-02-26,166.808,178.122,164.863,173.703,1051673.0,1001192696.0,9.13,9.77,9.02,9.52,True,碧水源,False
2019-02-27,171.935,176.001,168.222,171.581,558469.0,524960860.0,9.42,9.65,9.21,9.4,True,碧水源,False
2019-02-28,170.697,174.41,168.929,171.228,383116.0,359362808.00000006,9.35,9.56,9.25,9.38,True,碧水源,False
2019-03-01,174.233,176.001,170.697,173.879,475378.0,453035234.0,9.55,9.65,9.35,9.53,True,碧水源,False
2019-03-04,175.47,190.674,175.294,190.674,1258299.0,1318697352.0,9.62,10.48,9.61,10.48,True,碧水源,False
2019-03-05,187.492,192.265,185.724,191.028,1005224.0,1055485200.0,10.3,10.57,10.2,10.5,True,碧水源,False
2019-03-06,191.028,194.917,184.133,189.083,973088.0,1011038432.0,10.5,10.72,10.11,10.39,True,碧水源,False
2019-03-07,187.492,188.376,182.542,184.663,909081.0,921808134.0,10.3,10.35,10.02,10.14,True,碧水源,False
2019-03-08,181.128,183.603,170.344,170.697,907111.0,848148785.0,9.94,10.08,9.33,9.35,True,碧水源,False
2019-03-11,173.172,178.829,171.228,178.653,675322.0,661815560.0,9.49,9.81,9.38,9.8,True,碧水源,False
2019-03-12,181.304,186.078,177.238,182.542,950393.0,952293786.0,9.95,10.22,9.72,10.02,True,碧水源,False
2019-03-13,182.542,184.487,176.178,178.653,681830.0,668193400.0,10.02,10.13,9.66,9.8,True,碧水源,False
2019-03-14,177.238,180.774,169.99,172.642,540374.0,511193804.00000006,9.72,9.92,9.31,9.46,True,碧水源,False
2019-03-15,174.056,176.885,171.935,174.233,400688.0,382657040.0,9.54,9.7,9.42,9.55,True,碧水源,False
2019-03-18,175.294,178.476,173.703,178.476,477741.0,467708439.0,9.61,9.79,9.52,9.79,True,碧水源,False
2019-03-19,179.183,181.481,176.708,178.476,468573.0,458732967.0,9.83,9.96,9.69,9.79,True,碧水源,False
2019-03-20,178.476,178.476,171.051,177.592,528763.0,515015162.0,9.79,9.79,9.37,9.74,True,碧水源,False
2019-03-21,177.592,181.835,176.885,180.42,742320.0,734896800.0,9.74,9.98,9.7,9.9,True,碧水源,False
2019-03-22,180.774,181.304,175.647,179.89,464292.0,458256204.0,9.92,9.95,9.63,9.87,True,碧水源,False
2019-03-25,175.47,178.476,173.526,173.879,434519.0,414096607.0,9.62,9.79,9.51,9.53,True,碧水源,False
2019-03-26,174.763,176.178,166.277,167.338,432794.0,396439304.0,9.58,9.66,9.1,9.16,True,碧水源,False
2019-03-27,168.576,169.106,165.747,168.222,288766.0,265953486.00000003,9.23,9.26,9.07,9.21,True,碧水源,False
2019-03-28,167.161,169.46,164.863,165.747,257436.0,233494452.0,9.15,9.28,9.02,9.07,True,碧水源,False
2019-03-29,165.04,171.581,164.333,171.228,392276.0,367954888.00000006,9.03,9.4,8.99,9.38,True,碧水源,False
2019-04-01,171.581,176.531,171.404,176.001,552285.0,532955025.0,9.4,9.68,9.39,9.65,True,碧水源,False
2019-04-02,176.531,177.415,173.879,174.586,481576.0,460868232.0,9.68,9.73,9.53,9.57,True,碧水源,False
2019-04-03,174.41,176.531,172.819,176.531,362639.0,351034552.0,9.56,9.68,9.47,9.68,True,碧水源,False
2019-04-04,176.885,180.244,176.354,179.537,611278.0,602108830.0,9.7,9.89,9.67,9.85,True,碧水源,False
2019-04-08,181.304,185.017,175.117,178.653,754589.0,739497220.0,9.95,10.16,9.6,9.8,True,碧水源,False
2019-04-09,177.061,180.951,175.647,180.067,474106.0,468416728.00000006,9.71,9.93,9.63,9.88,True,碧水源,False
2019-04-10,175.824,175.824,170.697,171.758,686074.0,645595634.0,9.64,9.64,9.35,9.41,True,碧水源,False
2019-04-11,171.935,172.819,166.631,167.338,399853.0,366265348.0,9.42,9.47,9.12,9.16,True,碧水源,False
2019-04-12,167.869,170.874,166.277,170.167,353798.0,329739736.0,9.19,9.36,9.1,9.32,True,碧水源,False
2019-04-15,171.581,172.995,167.338,167.515,294692.0,270232564.0,9.4,9.48,9.16,9.17,True,碧水源,False
2019-04-16,165.57,171.404,164.863,171.051,354298.0,331977226.0,9.06,9.39,9.02,9.37,True,碧水源,False
2019-04-17,171.228,174.586,169.99,172.819,517836.0,490390692.00000006,9.38,9.57,9.31,9.47,True,碧水源,False
2019-04-18,172.995,172.995,169.283,170.52,368054.0,343762436.0,9.48,9.48,9.27,9.34,True,碧水源,False
2019-04-19,169.99,176.885,167.692,176.531,742620.0,718856160.0,9.31,9.7,9.18,9.68,True,碧水源,False
2019-04-22,176.001,176.178,171.758,172.465,464331.0,438792795.0,9.65,9.66,9.41,9.45,True,碧水源,False
2019-04-23,171.581,172.288,166.808,167.161,370947.0,339416505.0,9.4,9.44,9.13,9.15,True,碧水源,False
2019-04-24,167.869,171.228,167.161,170.697,321854.0,300933490.0,9.19,9.38,9.15,9.35,True,碧水源,False
2019-04-25,170.52,173.879,164.51,165.217,443011.0,400481944.0,9.34,9.53,9.0,9.04,True,碧水源,False
2019-04-26,165.394,166.985,160.443,160.62,400404.0,351554712.0,9.05,9.14,8.77,8.78,True,碧水源,False
2019-04-29,160.974,161.681,153.018,158.145,357395.0,308789280.0,8.8,8.84,8.35,8.64,True,碧水源,False
2019-04-30,157.792,162.742,157.615,162.035,263268.0,233255448.0,8.62,8.9,8.61,8.86,True,碧水源,False
2019-05-06,165.394,169.46,150.367,154.079,613521.0,515971161.0,9.05,9.28,8.2,8.41,True,碧水源,False
2019-05-07,158.322,159.736,153.372,155.67,270979.0,230332150.0,8.65,8.73,8.37,8.5,True,碧水源,False
2019-05-08,151.958,155.847,150.72,152.134,227767.0,189046610.00000003,8.29,8.51,8.22,8.3,True,碧水源,False
2019-05-09,150.367,152.842,149.129,149.659,208613.0,170228208.0,8.2,8.34,8.13,8.16,True,碧水源,False
2019-05-10,151.251,154.61,148.776,153.726,275448.0,231100872.00000003,8.25,8.44,8.11,8.39,True,碧水源,False
2019-05-13,153.195,153.726,150.543,151.427,187128.0,154567728.0,8.36,8.39,8.21,8.26,True,碧水源,False
2019-05-14,148.776,151.251,148.245,148.422,188225.0,152274025.0,8.11,8.25,8.08,8.09,True,碧水源,False
2019-05-15,149.836,150.897,148.776,150.013,169072.0,138300896.0,8.17,8.23,8.11,8.18,True,碧水源,False
2019-05-16,149.836,150.72,149.306,149.836,191896.0,156779032.0,8.17,8.22,8.14,8.17,True,碧水源,False
2019-05-17,150.367,150.72,140.467,141.527,412072.0,317295440.0,8.2,8.22,7.64,7.7,True,碧水源,False
2019-05-20,141.35,141.35,135.516,139.229,199718.0,151186526.0,7.69,7.69,7.36,7.57,True,碧水源,False
2019-05-21,140.113,142.588,139.229,140.643,144321.0,110405565.0,7.62,7.76,7.57,7.65,True,碧水源,False
2019-05-22,140.643,141.35,137.108,138.345,177266.0,133304032.0,7.65,7.69,7.45,7.52,True,碧水源,False
2019-05-23,137.638,138.522,135.87,136.047,144365.0,106685735.0,7.48,7.53,7.38,7.39,True,碧水源,False
2019-05-24,135.34,137.461,135.34,136.047,118353.0,87462867.0,7.35,7.47,7.35,7.39,True,碧水源,False
2019-05-27,137.09,140.095,136.206,139.035,186937.0,140576624.0,7.41,7.58,7.36,7.52,True,碧水源,False
2019-05-28,139.918,139.918,137.797,138.151,176006.0,131476482.0,7.57,7.57,7.45,7.47,True,碧水源,False
2019-05-29,137.267,139.035,137.09,138.504,106084.0,79456916.0,7.42,7.52,7.41,7.49,True,碧水源,False
2019-05-30,137.62,137.62,134.615,136.56,148748.0,109776024.0,7.44,7.44,7.27,7.38,True,碧水源,False
2019-05-31,136.206,141.863,136.206,140.095,261597.0,198290526.0,7.36,7.68,7.36,7.58,True,碧水源,False
2019-06-03,138.681,139.388,135.322,136.736,247359.0,182798301.0,7.5,7.54,7.31,7.39,True,碧水源,False
2019-06-04,136.736,136.913,134.615,135.322,140819.0,102938689.0,7.39,7.4,7.27,7.31,True,碧水源,False
2019-06-05,138.151,139.035,136.029,137.267,175728.0,130390176.0,7.47,7.52,7.35,7.42,True,碧水源,False
2019-06-06,138.151,139.211,136.736,137.443,161843.0,120249349.0,7.47,7.53,7.39,7.43,True,碧水源,False
2019-06-10,138.681,140.272,137.443,139.565,136455.0,103023525.0,7.5,7.59,7.43,7.55,True,碧水源,False
2019-06-11,139.211,144.869,139.211,144.692,308625.0,241962000.0,7.53,7.85,7.53,7.84,True,碧水源,False
2019-06-12,144.515,144.515,142.394,142.57,176078.0,135932216.0,7.83,7.83,7.71,7.72,True,碧水源,False
2019-06-13,142.747,144.338,141.686,142.04,173761.0,133622209.0,7.73,7.82,7.67,7.69,True,碧水源,False
2019-06-14,142.04,143.101,137.797,138.151,270391.0,201982077.0,7.69,7.75,7.45,7.47,True,碧水源,False
2019-06-17,138.151,139.388,137.443,137.797,100700.0,75021500.0,7.47,7.54,7.43,7.45,True,碧水源,False
2019-06-18,137.974,139.565,136.56,138.681,136991.0,102743250.0,7.46,7.55,7.38,7.5,True,碧水源,False
2019-06-19,142.394,142.394,139.918,140.449,206486.0,156929360.0,7.71,7.71,7.57,7.6,True,碧水源,False
2019-06-20,142.04,148.404,142.04,147.344,515932.0,412229668.0,7.69,8.05,7.69,7.99,True,碧水源,False
2019-06-21,149.288,153.531,148.404,151.763,612744.0,504901056.0,8.1,8.34,8.05,8.24,True,碧水源,False
2019-06-24,151.056,151.94,145.929,147.344,422159.0,337305041.0,8.2,8.25,7.91,7.99,True,碧水源,False
2019-06-25,147.52,147.874,143.985,145.045,259031.0,203598366.0,8.0,8.02,7.8,7.86,True,碧水源,False
2019-06-26,144.338,146.106,143.631,143.985,157959.0,123208020.0,7.82,7.92,7.78,7.8,True,碧水源,False
2019-06-27,144.692,146.46,143.985,145.399,186520.0,146977760.0,7.84,7.94,7.8,7.88,True,碧水源,False
2019-06-28,145.576,145.576,142.04,143.808,161395.0,125726705.0,7.89,7.89,7.69,7.79,True,碧水源,False
2019-07-01,147.52,148.227,145.399,146.636,273754.0,217634430.0,8.0,8.04,7.88,7.95,True,碧水源,False
2019-07-02,146.46,148.051,145.222,148.051,248479.0,199528637.0,7.94,8.03,7.87,8.03,True,碧水源,False
2019-07-03,148.051,151.056,146.46,148.227,384368.0,309031871.99999994,8.03,8.2,7.94,8.04,True,碧水源,False
2019-07-04,148.581,150.526,146.636,148.404,253939.0,204420895.00000003,8.06,8.17,7.95,8.05,True,碧水源,False
2019-07-05,147.874,148.051,145.222,145.576,181726.0,143381814.0,8.02,8.03,7.87,7.89,True,碧水源,False
2019-07-08,145.222,145.399,137.267,137.974,345002.0,257371492.0,7.87,7.88,7.42,7.46,True,碧水源,False
2019-07-09,137.974,139.211,136.56,138.858,137218.0,103050718.0,7.46,7.53,7.38,7.51,True,碧水源,False
2019-07-10,138.681,138.858,136.383,137.443,113834.0,84578662.0,7.5,7.51,7.37,7.43,True,碧水源,False
2019-07-11,138.681,138.858,136.913,137.267,106581.0,79083102.0,7.5,7.51,7.4,7.42,True,碧水源,False
2019-07-12,137.797,138.327,136.029,136.56,95138.0,70211844.0,7.45,7.48,7.35,7.38,True,碧水源,False
2019-07-15,128.074,128.074,123.477,125.776,597623.0,404590771.0,6.9,6.9,6.64,6.77,True,碧水源,False
2019-07-16,125.952,126.659,125.068,125.599,217677.0,147149652.0,6.78,6.82,6.73,6.76,True,碧水源,False
2019-07-17,125.422,126.659,125.245,125.599,175704.0,118775904.0,6.75,6.82,6.74,6.76,True,碧水源,False
2019-07-18,125.068,125.245,120.295,120.472,386903.0,250326241.0,6.73,6.74,6.46,6.47,True,碧水源,False
2019-07-19,121.356,122.77,120.649,121.002,206900.0,134485000.0,6.52,6.6,6.48,6.5,True,碧水源,False
2019-07-22,122.063,122.417,118.174,118.35,243021.0,154318335.0,6.56,6.58,6.34,6.35,True,碧水源,False
2019-07-23,118.527,119.234,118.174,119.234,144107.0,92228480.0,6.36,6.4,6.34,6.4,True,碧水源,False
2019-07-24,119.234,121.709,118.881,121.179,205310.0,133656810.0,6.4,6.54,6.38,6.51,True,碧水源,False
2019-07-25,121.002,123.477,120.649,122.417,206714.0,136017812.0,6.5,6.64,6.48,6.58,True,碧水源,False
2019-07-26,121.533,122.24,121.002,121.356,138029.0,89994908.0,6.53,6.57,6.5,6.52,True,碧水源,False
2019-07-29,121.179,121.886,120.118,120.649,123648.0,80123904.0,6.51,6.55,6.45,6.48,True,碧水源,False
2019-07-30,120.649,125.952,120.649,123.654,303998.0,202158670.0,6.48,6.78,6.48,6.65,True,碧水源,False
2019-07-31,123.654,123.654,122.24,122.77,123296.0,81375360.0,6.65,6.65,6.57,6.6,True,碧水源,False
2019-08-01,122.24,123.124,121.356,121.886,113524.0,74358220.0,6.57,6.62,6.52,6.55,True,碧水源,False
2019-08-02,119.411,119.942,118.35,119.234,196700.0,125888000.0,6.41,6.44,6.35,6.4,True,碧水源,False
2019-08-05,118.527,119.411,117.467,117.643,149003.0,94020893.0,6.36,6.41,6.3,6.31,True,碧水源,False
2019-08-06,115.522,115.522,112.34,113.754,275588.0,167833092.0,6.19,6.19,6.01,6.09,True,碧水源,False
2019-08-07,114.461,114.815,113.754,113.754,112180.0,68317620.0,6.13,6.15,6.09,6.09,True,碧水源,False
2019-08-08,113.931,114.991,112.87,113.577,126158.0,76704064.0,6.1,6.16,6.04,6.08,True,碧水源,False
2019-08-09,114.108,114.815,112.34,112.693,137006.0,82614618.0,6.11,6.15,6.01,6.03,True,碧水源,False
2019-08-12,113.047,114.284,112.516,114.284,106312.0,65062944.0,6.05,6.12,6.02,6.12,True,碧水源,False
2019-08-13,113.4,113.754,112.87,113.4,95103.0,57727521.0,6.07,6.09,6.04,6.07,True,碧水源,False
2019-08-14,114.108,116.936,114.108,114.461,201953.0,123797189.0,6.11,6.27,6.11,6.13,True,碧水源,False
2019-08-15,112.163,114.638,111.279,114.461,169341.0,103806033.0,6.0,6.14,5.95,6.13,True,碧水源,False
2019-08-16,113.4,114.991,112.693,114.461,177986.0,109105418.0,6.07,6.16,6.03,6.13,True,碧水源,False
2019-08-19,115.345,121.179,114.638,120.118,396450.0,255710250.0,6.18,6.51,6.14,6.45,True,碧水源,False
2019-08-20,120.118,122.063,119.411,121.002,250388.0,162752200.0,6.45,6.56,6.41,6.5,True,碧水源,False
2019-08-21,120.472,124.538,119.765,121.709,304534.0,199165236.0,6.47,6.7,6.43,6.54,True,碧水源,False
2019-08-22,122.063,123.654,121.179,122.77,230928.0,152412480.0,6.56,6.65,6.51,6.6,True,碧水源,False
2019-08-23,122.77,123.654,121.886,122.77,174866.0,115411560.0,6.6,6.65,6.55,6.6,True,碧水源,False
2019-08-26,121.533,126.659,121.002,123.124,275619.0,182459778.0,6.53,6.82,6.5,6.62,True,碧水源,False
2019-08-27,124.008,125.245,122.417,123.654,287395.0,191117675.0,6.67,6.74,6.58,6.65,True,碧水源,False
2019-08-28,123.3,123.477,121.002,121.533,207351.0,135400203.0,6.63,6.64,6.5,6.53,True,碧水源,False
2019-08-29,121.886,122.417,119.942,120.472,138030.0,89305410.0,6.55,6.58,6.44,6.47,True,碧水源,False
2019-08-30,121.179,121.356,118.35,118.527,172658.0,109810488.0,6.51,6.52,6.35,6.36,True,碧水源,False
2019-09-02,118.881,121.356,118.704,120.649,172356.0,111686688.0,6.38,6.52,6.37,6.48,True,碧水源,False
2019-09-03,120.825,121.179,119.942,120.649,128152.0,83042496.0,6.49,6.51,6.44,6.48,True,碧水源,False
2019-09-04,120.649,130.902,120.649,126.659,600235.0,409360270.0,6.48,7.06,6.48,6.82,True,碧水源,False
2019-09-05,128.604,130.549,127.19,127.543,415068.0,285151716.0,6.93,7.04,6.85,6.87,True,碧水源,False
2019-09-06,128.604,129.311,126.836,128.427,222920.0,154260640.0,6.93,6.97,6.83,6.92,True,碧水源,False
2019-09-09,131.609,136.56,129.488,135.322,480928.0,351558368.0,7.1,7.38,6.98,7.31,True,碧水源,False
2019-09-10,135.499,137.267,134.085,136.56,359519.0,265325022.0,7.32,7.42,7.24,7.38,True,碧水源,False
2019-09-11,136.736,138.858,134.792,135.145,304203.0,222068190.0,7.39,7.51,7.28,7.3,True,碧水源,False
2019-09-12,135.676,136.913,135.145,135.852,175991.0,129177394.0,7.33,7.4,7.3,7.34,True,碧水源,False
2019-09-16,136.736,136.913,134.261,135.145,185114.0,135133220.0,7.39,7.4,7.25,7.3,True,碧水源,False
2019-09-17,134.615,134.968,131.256,131.609,206868.0,146876280.0,7.27,7.29,7.08,7.1,True,碧水源,False
2019-09-18,131.963,133.731,129.842,131.609,206529.0,146635590.0,7.12,7.22,7.0,7.1,True,碧水源,False
2019-09-19,132.317,135.499,128.427,134.968,336690.0,245447010.0,7.14,7.32,6.92,7.29,True,碧水源,False
2019-09-20,134.261,139.565,133.908,137.09,425442.0,315252522.0,7.25,7.55,7.23,7.41,True,碧水源,False
2019-09-23,137.267,137.62,132.67,133.554,245199.0,176788479.0,7.42,7.44,7.16,7.21,True,碧水源,False
2019-09-24,133.201,133.554,130.726,130.902,254427.0,179625462.0,7.19,7.21,7.05,7.06,True,碧水源,False
2019-09-25,130.549,131.079,127.013,127.013,259992.0,177834528.0,7.04,7.07,6.84,6.84,True,碧水源,False
2019-09-26,127.19,129.134,123.831,124.715,266682.0,178943622.0,6.85,6.96,6.66,6.71,True,碧水源,False
2019-09-27,125.245,126.659,124.715,125.245,121636.0,81982664.0,6.74,6.82,6.71,6.74,True,碧水源,False
2019-09-30,125.245,128.074,123.3,124.715,137717.0,92408107.0,6.74,6.9,6.63,6.71,True,碧水源,False
2019-10-08,125.245,125.952,123.477,123.477,112146.0,74464944.0,6.74,6.78,6.64,6.64,True,碧水源,False
2019-10-09,123.477,124.361,122.77,123.477,103978.0,69041392.0,6.64,6.69,6.6,6.64,True,碧水源,False
2019-10-10,124.538,126.659,124.008,126.129,178326.0,121083354.0,6.7,6.82,6.67,6.79,True,碧水源,False
2019-10-11,126.659,127.013,124.892,126.306,147954.0,100608720.0,6.82,6.84,6.72,6.8,True,碧水源,False
2019-10-14,130.018,134.085,129.842,131.256,426864.0,302219712.0,7.01,7.24,7.0,7.08,True,碧水源,False
2019-10-15,131.433,133.554,130.726,132.14,192584.0,137312392.0,7.09,7.21,7.05,7.13,True,碧水源,False
2019-10-16,132.493,136.383,131.786,132.67,262902.0,188237832.0,7.15,7.37,7.11,7.16,True,碧水源,False
2019-10-17,133.024,133.377,130.195,130.726,168331.0,118673355.0,7.18,7.2,7.02,7.05,True,碧水源,False
2019-10-18,130.902,133.731,129.842,130.549,220727.0,155391808.0,7.06,7.22,7.0,7.04,True,碧水源,False
2019-10-21,130.549,134.261,128.251,133.554,248147.0,178913987.0,7.04,7.25,6.91,7.21,True,碧水源,False
2019-10-22,133.377,136.913,132.67,136.029,234378.0,172267830.0,7.2,7.4,7.16,7.35,True,碧水源,False
2019-10-23,136.206,137.797,135.145,136.206,209749.0,154375264.0,7.36,7.45,7.3,7.36,True,碧水源,False
2019-10-24,136.56,140.272,135.852,139.918,366262.0,277260334.0,7.38,7.59,7.34,7.57,True,碧水源,False
2019-10-25,139.565,140.979,138.151,139.388,217372.0,163898488.0,7.55,7.63,7.47,7.54,True,碧水源,False
2019-10-28,138.681,140.979,138.327,139.388,216050.0,162901700.0,7.5,7.63,7.48,7.54,True,碧水源,False
2019-10-29,139.565,140.095,136.383,137.09,222394.0,164793954.0,7.55,7.58,7.37,7.41,True,碧水源,False
2019-10-30,136.913,139.388,135.322,135.676,209831.0,153806123.0,7.4,7.54,7.31,7.33,True,碧水源,False
2019-10-31,136.383,145.399,136.029,142.747,656066.0,507139018.0,7.37,7.88,7.35,7.73,True,碧水源,False
2019-11-01,142.217,144.692,141.51,143.808,339577.0,264530483.0,7.7,7.84,7.66,7.79,True,碧水源,False
2019-11-04,143.985,147.344,142.57,144.869,350364.0,275035740.0,7.8,7.99,7.72,7.85,True,碧水源,False
2019-11-05,144.869,145.929,142.217,144.515,331699.0,259720317.0,7.85,7.91,7.7,7.83,True,碧水源,False
2019-11-06,143.985,145.929,142.04,142.747,201647.0,155873131.0,7.8,7.91,7.69,7.73,True,碧水源,False
2019-11-07,142.747,149.111,142.57,145.399,327848.0,258344224.0,7.73,8.09,7.72,7.88,True,碧水源,False
2019-11-08,146.46,147.697,142.394,142.924,296535.0,229518090.0,7.94,8.01,7.71,7.74,True,碧水源,False
2019-11-11,142.924,144.515,137.797,139.388,346951.0,261601054.0,7.74,7.83,7.45,7.54,True,碧水源,False
2019-11-12,139.388,140.272,134.615,135.852,414738.0,304417692.0,7.54,7.59,7.27,7.34,True,碧水源,False
2019-11-13,135.322,136.029,133.377,134.615,252320.0,183436640.0,7.31,7.35,7.2,7.27,True,碧水源,False
2019-11-14,135.145,138.151,134.438,134.968,275840.0,201087360.0,7.3,7.47,7.26,7.29,True,碧水源,False
2019-11-15,135.676,139.035,133.201,137.09,341920.0,253362720.0,7.33,7.52,7.19,7.41,True,碧水源,False
2019-11-18,136.029,138.504,135.852,137.797,185587.0,138262315.0,7.35,7.49,7.34,7.45,True,碧水源,False
2019-11-19,137.797,141.51,137.62,140.802,212082.0,161606484.0,7.45,7.66,7.44,7.62,True,碧水源,False
2019-11-20,140.095,142.04,139.035,139.742,157045.0,118726020.0,7.58,7.69,7.52,7.56,True,碧水源,False
2019-11-21,139.211,141.156,138.504,139.035,174088.0,130914176.0,7.53,7.64,7.49,7.52,True,碧水源,False
2019-11-22,138.504,140.802,136.383,137.797,218228.0,162579860.0,7.49,7.62,7.37,7.45,True,碧水源,False
2019-11-25,137.974,140.272,137.267,139.742,195726.0,147968856.0,7.46,7.59,7.42,7.56,True,碧水源,False
2019-11-26,140.626,141.51,136.913,136.913,277182.0,205114680.0,7.61,7.66,7.4,7.4,True,碧水源,False
2019-11-27,137.443,142.57,137.09,140.272,340179.0,258195861.0,7.43,7.72,7.41,7.59,True,碧水源,False
2019-11-28,139.918,143.985,139.742,140.449,227735.0,173078600.0,7.57,7.8,7.56,7.6,True,碧水源,False
2019-11-29,140.802,141.156,137.974,138.858,145805.0,109499555.0,7.62,7.64,7.46,7.51,True,碧水源,False
2019-12-02,140.449,140.449,136.206,136.56,168444.0,124311672.0,7.6,7.6,7.36,7.38,True,碧水源,False
2019-12-03,135.676,137.267,135.676,136.913,141483.0,104697420.0,7.33,7.42,7.33,7.4,True,碧水源,False
2019-12-04,135.676,136.383,133.377,133.908,236598.0,171060354.0,7.33,7.37,7.2,7.23,True,碧水源,False
2019-12-05,134.261,135.145,131.963,134.085,246062.0,178148888.0,7.25,7.3,7.12,7.24,True,碧水源,False
2019-12-06,134.438,135.852,133.377,135.676,152469.0,111759777.0,7.26,7.34,7.2,7.33,True,碧水源,False
2019-12-09,135.676,139.918,135.499,139.388,270477.0,203939658.0,7.33,7.57,7.32,7.54,True,碧水源,False
2019-12-10,139.388,140.449,137.974,139.742,219758.0,166137048.0,7.54,7.6,7.46,7.56,True,碧水源,False
2019-12-11,139.388,140.449,137.974,138.327,157652.0,117923696.0,7.54,7.6,7.46,7.48,True,碧水源,False
2019-12-12,138.327,138.681,133.201,133.377,330833.0,238199760.0,7.48,7.5,7.19,7.2,True,碧水源,False
2019-12-13,134.261,136.206,134.085,135.145,264596.0,193155080.0,7.25,7.36,7.24,7.3,True,碧水源,False
2019-12-16,136.736,137.443,135.852,137.09,218960.0,162249360.0,7.39,7.43,7.34,7.41,True,碧水源,False
2019-12-17,136.913,141.333,136.206,140.979,372499.0,284216737.0,7.4,7.65,7.36,7.63,True,碧水源,False
2019-12-18,140.272,144.338,140.272,141.863,333607.0,256210176.0,7.59,7.82,7.59,7.68,True,碧水源,False
2019-12-19,142.217,142.747,141.333,142.04,206088.0,158481672.0,7.7,7.73,7.65,7.69,True,碧水源,False
2019-12-20,142.57,144.161,140.979,140.979,229097.0,174801011.0,7.72,7.81,7.63,7.63,True,碧水源,False
2019-12-23,140.979,143.277,138.504,138.858,297462.0,223393962.0,7.63,7.76,7.49,7.51,True,碧水源,False
2019-12-24,139.565,140.272,137.974,139.918,238286.0,180382502.0,7.55,7.59,7.46,7.57,True,碧水源,False
2019-12-25,139.742,141.156,138.151,139.388,216350.0,163127900.0,7.56,7.64,7.47,7.54,True,碧水源,False
2019-12-26,139.211,140.272,138.151,139.918,176850.0,133875450.0,7.53,7.59,7.47,7.57,True,碧水源,False
2019-12-27,140.272,141.156,137.62,137.797,239163.0,178176435.0,7.59,7.64,7.44,7.45,True,碧水源,False
2019-12-30,137.797,140.802,136.029,140.449,286807.0,217973320.0,7.45,7.62,7.35,7.6,True,碧水源,False
2019-12-31,140.449,142.747,139.565,140.449,251930.0,191466800.0,7.6,7.73,7.55,7.6,True,碧水源,False
2020-01-02,142.217,146.636,140.979,145.752,609319.0,481362010.0,7.7,7.95,7.63,7.9,True,碧水源,False
2020-01-03,145.576,149.465,144.338,147.874,543097.0,435563794.0,7.89,8.11,7.82,8.02,True,碧水源,False
2020-01-06,147.52,151.233,146.813,149.465,524931.0,425719041.0,8.0,8.21,7.96,8.11,True,碧水源,False
2020-01-07,150.172,151.233,147.697,149.642,320816.0,260502592.0,8.15,8.21,8.01,8.12,True,碧水源,False
2020-01-08,147.874,149.111,145.222,146.106,417972.0,331033824.0,8.02,8.09,7.87,7.92,True,碧水源,False
2020-01-09,147.697,148.758,145.222,146.106,429058.0,339813936.0,8.01,8.07,7.87,7.92,True,碧水源,False
2020-01-10,146.46,149.642,146.283,146.46,360563.0,286287022.0,7.94,8.12,7.93,7.94,True,碧水源,False
2020-01-13,147.697,152.824,144.869,152.824,558686.0,463709380.00000006,8.01,8.3,7.85,8.3,True,碧水源,False
2020-01-14,153.708,167.497,153.178,163.608,1492200.0,1329550200.0,8.35,9.13,8.32,8.91,True,碧水源,False
2020-01-15,163.962,167.144,160.426,163.962,953280.0,851279040.0,8.93,9.11,8.73,8.93,True,碧水源,False
2020-01-16,163.078,164.138,160.249,161.663,521723.0,459116240.00000006,8.88,8.94,8.72,8.8,True,碧水源,False
2020-01-17,161.663,163.431,159.012,159.365,351315.0,304590105.0,8.8,8.9,8.65,8.67,True,碧水源,False
2020-01-20,159.188,162.547,157.42,161.487,397734.0,349608185.99999994,8.66,8.85,8.56,8.79,True,碧水源,False
2020-01-21,164.315,167.321,156.536,163.608,600784.0,535298544.0,8.95,9.12,8.51,8.91,True,碧水源,False
2020-01-22,163.254,165.729,159.895,164.492,411988.0,369141248.00000006,8.89,9.03,8.7,8.96,True,碧水源,False
2020-01-23,162.901,164.138,154.769,157.597,474743.0,406854751.0,8.87,8.94,8.41,8.57,True,碧水源,False
2020-02-03,142.394,144.869,142.394,142.394,174269.0,134361399.0,7.71,7.85,7.71,7.71,True,碧水源,False
2020-02-04,139.565,145.045,139.565,143.631,694573.0,540377794.0,7.55,7.86,7.55,7.78,True,碧水源,False
2020-02-05,143.985,149.465,142.57,146.46,530002.0,420821588.0,7.8,8.11,7.72,7.94,True,碧水源,False
2020-02-06,147.52,154.238,144.338,151.586,607832.0,500245736.0,8.0,8.38,7.82,8.23,True,碧水源,False
2020-02-07,151.41,160.426,149.819,158.658,679346.0,586275598.0,8.22,8.73,8.13,8.63,True,碧水源,False
2020-02-10,157.951,160.426,155.122,158.481,567899.0,489528938.0,8.59,8.73,8.43,8.62,True,碧水源,False
2020-02-11,158.658,159.012,153.531,153.708,424653.0,354585255.0,8.63,8.65,8.34,8.35,True,碧水源,False
2020-02-12,154.945,155.476,152.47,155.122,341454.0,287845722.0,8.42,8.45,8.28,8.43,True,碧水源,False
2020-02-13,154.415,154.945,150.172,151.41,450973.0,370699806.0,8.39,8.42,8.15,8.22,True,碧水源,False
2020-02-14,151.586,153.708,149.288,150.349,308027.0,251350032.0,8.23,8.35,8.1,8.16,True,碧水源,False
2020-02-17,152.117,163.431,151.233,161.663,772895.0,680147600.0,8.26,8.9,8.21,8.8,True,碧水源,False
2020-02-18,162.017,164.315,160.249,163.431,569156.0,506548840.0,8.82,8.95,8.72,8.9,True,碧水源,False
2020-02-19,162.547,175.276,161.84,169.972,943336.0,874472472.0,8.85,9.57,8.81,9.27,True,碧水源,False
2020-02-20,170.679,176.867,170.679,172.271,838287.0,787989780.0,9.31,9.66,9.31,9.4,True,碧水源,False
2020-02-21,171.387,181.287,171.033,177.751,951274.0,923687054.0,9.35,9.91,9.33,9.71,True,碧水源,False
2020-02-24,172.801,183.762,171.563,181.463,974099.0,966306208.0,9.43,10.05,9.36,9.92,True,碧水源,False
2020-02-25,176.69,182.347,172.624,178.635,693907.0,677253232.0,9.65,9.97,9.42,9.76,True,碧水源,False
2020-02-26,173.862,180.756,173.154,173.862,684406.0,649501294.0,9.49,9.88,9.45,9.49,True,碧水源,False
2020-02-27,176.337,190.656,175.099,189.242,1398300.0,1448638800.0,9.63,10.44,9.56,10.36,True,碧水源,False
2020-02-28,182.524,193.131,177.928,180.403,1028445.0,1014046770.0,9.98,10.58,9.72,9.86,True,碧水源,False
2020-03-02,184.822,197.728,184.822,190.833,903808.0,944479360.0,10.11,10.84,10.11,10.45,True,碧水源,False
2020-03-03,195.43,195.96,186.237,188.181,780248.0,803655440.0,10.71,10.74,10.19,10.3,True,碧水源,False
2020-03-04,192.601,198.435,191.187,198.258,809189.0,879588442.9999999,10.55,10.88,10.47,10.87,True,碧水源,False
2020-03-05,201.264,215.053,197.198,208.335,952041.0,1089134904.0,11.04,11.82,10.81,11.44,True,碧水源,False
2020-03-12,204.092,204.092,188.181,195.43,1083331.0,1160247501.0,11.2,11.2,10.3,10.71,True,碧水源,False
2020-03-13,182.701,191.894,180.226,186.767,731730.0,747828060.0,9.99,10.51,9.85,10.22,True,碧水源,False
2020-03-16,187.121,198.789,181.994,186.59,807504.0,824461584.0000001,10.24,10.9,9.95,10.21,True,碧水源,False
2020-03-17,188.358,200.203,179.342,188.005,644564.0,663256356.0,10.31,10.98,9.8,10.29,True,碧水源,False
2020-03-18,188.712,193.308,174.038,175.453,725911.0,695422738.0,10.33,10.59,9.5,9.58,True,碧水源,False
2020-03-19,175.453,179.165,166.967,173.685,601116.0,569857968.0,9.58,9.79,9.1,9.48,True,碧水源,False
2020-03-20,175.806,184.646,174.392,179.872,506891.0,498273853.0,9.6,10.1,9.52,9.83,True,碧水源,False
2020-03-23,174.215,183.408,173.154,178.635,399365.0,389780240.0,9.51,10.03,9.45,9.76,True,碧水源,False
2020-03-24,183.055,184.292,174.215,180.226,320918.0,316104230.0,10.01,10.08,9.51,9.85,True,碧水源,False
2020-03-25,183.585,187.474,178.812,182.347,414467.0,413223599.0,10.04,10.26,9.77,9.97,True,碧水源,False
2020-03-26,180.403,180.756,172.801,175.63,415392.0,398360928.0,9.86,9.88,9.43,9.59,True,碧水源,False
2020-03-27,175.63,178.105,171.563,172.094,329550.0,309447450.0,9.59,9.73,9.36,9.39,True,碧水源,False
2020-03-30,168.735,174.569,164.845,174.038,348742.0,331304900.0,9.2,9.53,8.98,9.5,True,碧水源,False
2020-03-31,174.215,175.453,168.204,169.088,209405.0,193071410.0,9.51,9.58,9.17,9.22,True,碧水源,False
2020-04-01,169.796,171.74,167.321,167.497,165391.0,151001983.0,9.26,9.37,9.12,9.13,True,碧水源,False
2020-04-02,166.437,172.447,166.437,171.74,259766.0,243400742.0,9.07,9.41,9.07,9.37,True,碧水源,False
2020-04-03,171.74,171.74,167.851,168.558,173671.0,159603649.0,9.37,9.37,9.15,9.19,True,碧水源,False
2020-04-07,171.563,177.044,171.563,175.63,238063.0,228302417.0,9.36,9.67,9.36,9.59,True,碧水源,False
2020-04-08,175.453,175.63,172.978,173.862,197402.0,187334498.0,9.58,9.59,9.44,9.49,True,碧水源,False
2020-04-09,175.63,176.16,172.447,173.331,192239.0,181858094.00000003,9.59,9.62,9.41,9.46,True,碧水源,False
2020-04-10,170.326,172.447,168.558,168.558,246985.0,226979215.0,9.29,9.41,9.19,9.19,True,碧水源,False
2020-04-13,168.204,170.856,168.204,169.796,120403.0,111493178.0,9.17,9.32,9.17,9.26,True,碧水源,False
2020-04-14,169.796,178.458,168.735,176.867,357202.0,345057132.0,9.26,9.75,9.2,9.66,True,碧水源,False
2020-04-15,176.69,185.353,175.453,182.524,349462.0,348763076.0,9.65,10.14,9.58,9.98,True,碧水源,False
2020-04-16,181.817,184.999,180.049,181.817,214378.0,213091732.0,9.94,10.12,9.84,9.94,True,碧水源,False
2020-04-17,182.878,187.121,181.64,182.347,261549.0,260764353.00000003,10.0,10.24,9.93,9.97,True,碧水源,False
2020-04-20,183.585,185.706,181.11,182.524,189120.0,188741760.0,10.04,10.16,9.9,9.98,True,碧水源,False
2020-04-21,182.524,182.524,177.221,179.519,178024.0,174641544.0,9.98,9.98,9.68,9.81,True,碧水源,False
2020-04-22,178.105,180.58,177.574,179.696,152644.0,149896408.0,9.73,9.87,9.7,9.82,True,碧水源,False
2020-04-23,180.756,182.878,175.453,179.696,314797.0,309130654.0,9.88,10.0,9.58,9.82,True,碧水源,False
2020-04-24,179.342,179.342,171.74,172.978,406084.0,383343296.0,9.8,9.8,9.37,9.44,True,碧水源,False
2020-04-27,173.154,176.16,170.503,174.392,252094.0,239993488.0,9.45,9.62,9.3,9.52,True,碧水源,False
2020-04-28,175.983,182.347,175.099,176.69,402233.0,388154845.0,9.61,9.97,9.56,9.65,True,碧水源,False
2020-04-29,177.397,178.281,169.619,170.856,257985.0,240442020.0,9.69,9.74,9.25,9.32,True,碧水源,False
2020-04-30,171.387,175.63,171.033,174.746,266266.0,254017764.0,9.35,9.59,9.33,9.54,True,碧水源,False
2020-05-06,178.635,186.944,178.635,183.408,570554.0,572265662.0,9.76,10.23,9.76,10.03,True,碧水源,False
2020-05-07,184.115,184.646,180.403,181.287,315540.0,312700140.0,10.07,10.1,9.86,9.91,True,碧水源,False
2020-05-08,181.463,184.999,180.226,182.524,233005.0,232538990.0,9.92,10.12,9.85,9.98,True,碧水源,False
2020-05-11,183.939,187.651,181.463,182.347,296369.0,295479893.0,10.06,10.27,9.92,9.97,True,碧水源,False
2020-05-12,181.287,182.347,177.221,179.872,287807.0,282914281.0,9.91,9.97,9.68,9.83,True,碧水源,False
2020-05-13,179.872,179.872,176.513,178.458,200911.0,195888225.0,9.83,9.83,9.64,9.75,True,碧水源,False
2020-05-14,176.69,178.105,174.922,175.276,237262.0,227059734.0,9.65,9.73,9.55,9.57,True,碧水源,False
2020-05-15,175.806,176.513,171.563,172.271,298596.0,280680240.0,9.6,9.64,9.36,9.4,True,碧水源,False
2020-05-18,172.801,173.154,167.497,167.851,393709.0,360243735.0,9.43,9.45,9.13,9.15,True,碧水源,False
2020-05-19,168.912,169.442,165.022,165.376,366822.0,330506622.0,9.21,9.24,8.99,9.01,True,碧水源,False
2020-05-20,165.199,167.321,162.547,163.254,416135.0,369944015.0,9.0,9.12,8.85,8.89,True,碧水源,False
2020-05-21,164.315,164.669,157.597,157.774,416970.0,357760260.0,8.95,8.97,8.57,8.58,True,碧水源,False
2020-05-22,158.304,160.072,151.586,155.299,380797.0,321392668.0,8.61,8.71,8.23,8.44,True,碧水源,False
2020-05-25,155.299,155.299,147.52,149.465,548584.0,444901624.0,8.44,8.44,8.0,8.11,True,碧水源,False
2020-05-26,151.056,153.531,150.526,151.233,345084.0,283313964.0,8.2,8.34,8.17,8.21,True,碧水源,False
2020-05-27,151.41,154.238,149.111,149.819,360809.0,293337717.0,8.22,8.38,8.09,8.13,True,碧水源,False
2020-05-28,150.172,151.763,145.399,148.935,323828.0,261653024.0,8.15,8.24,7.88,8.08,True,碧水源,False
2020-05-29,148.687,150.101,146.566,147.626,294078.0,233497932.0,8.0,8.08,7.88,7.94,True,碧水源,False
2020-06-01,147.626,151.516,147.626,151.162,374874.0,305147436.0,7.94,8.16,7.94,8.14,True,碧水源,False
2020-06-02,150.809,156.289,150.101,152.576,461443.0,379306146.0,8.12,8.43,8.08,8.22,True,碧水源,False
2020-06-03,153.284,153.637,151.339,152.4,307704.0,252624984.00000003,8.26,8.28,8.15,8.21,True,碧水源,False
2020-06-04,152.93,153.107,149.571,150.809,292112.0,237194944.0,8.24,8.25,8.05,8.12,True,碧水源,False
2020-06-05,150.632,150.809,147.45,149.571,271724.0,218737820.00000003,8.11,8.12,7.93,8.05,True,碧水源,False
2020-06-08,149.394,150.101,147.273,148.864,358798.0,287397198.0,8.04,8.08,7.92,8.01,True,碧水源,False
2020-06-09,148.51,149.217,147.45,148.157,249077.0,198514369.0,7.99,8.03,7.93,7.97,True,碧水源,False
2020-06-10,148.864,148.864,143.384,144.444,481410.0,373574160.0,8.01,8.01,7.7,7.76,True,碧水源,False
2020-06-11,144.621,152.93,144.444,150.809,834015.0,677220179.9999999,7.77,8.24,7.76,8.12,True,碧水源,False
2020-06-12,148.864,150.632,145.505,150.101,678798.0,548468784.0,8.01,8.11,7.82,8.08,True,碧水源,False
2020-06-15,149.571,160.709,147.273,156.819,998884.0,845055864.0000001,8.05,8.68,7.92,8.46,True,碧水源,False
2020-06-16,158.234,159.118,152.223,155.582,782519.0,656533441.0,8.54,8.59,8.2,8.39,True,碧水源,False
2020-06-17,154.875,162.123,153.46,160.178,739831.0,639953815.0,8.35,8.76,8.27,8.65,True,碧水源,False
2020-06-18,159.825,166.896,159.648,160.709,812747.0,705464396.0,8.63,9.03,8.62,8.68,True,碧水源,False
2020-06-19,159.294,161.946,156.996,157.703,550149.0,468176799.0,8.6,8.75,8.47,8.51,True,碧水源,False
2020-06-22,157.703,158.41,153.284,153.46,637959.0,527592093.0,8.51,8.55,8.26,8.27,True,碧水源,False
2020-06-23,154.344,156.112,151.339,151.516,455021.0,371297136.0,8.32,8.42,8.15,8.16,True,碧水源,False
2020-06-24,151.869,155.759,150.101,152.223,459568.0,376845760.0,8.18,8.4,8.08,8.2,True,碧水源,False
2020-06-29,151.339,152.4,148.864,149.925,316741.0,255609987.0,8.15,8.21,8.01,8.07,True,碧水源,False
2020-06-30,149.748,151.516,149.571,150.809,332429.0,269932348.0,8.06,8.16,8.05,8.12,True,碧水源,False
2020-07-01,150.809,154.344,149.571,152.753,513220.0,422380060.0,8.12,8.32,8.05,8.23,True,碧水源,False
2020-07-02,152.576,156.289,152.223,155.759,508131.0,426830040.0,8.22,8.43,8.2,8.4,True,碧水源,False
2020-07-03,157.35,158.234,155.582,157.35,505887.0,429498063.0,8.49,8.54,8.39,8.49,True,碧水源,False
2020-07-06,158.234,164.421,158.234,163.714,699137.0,618736245.0,8.54,8.89,8.54,8.85,True,碧水源,False
2020-07-07,166.189,168.134,160.709,163.537,801248.0,708303232.0,8.99,9.1,8.68,8.84,True,碧水源,False
2020-07-08,162.83,165.659,160.709,164.775,563637.0,502200567.0,8.8,8.96,8.68,8.91,True,碧水源,False
2020-07-09,164.068,170.609,163.537,170.255,698095.0,643643590.0,8.87,9.24,8.84,9.22,True,碧水源,False
2020-07-10,175.205,179.978,171.846,172.907,1003926.0,940678662.0,9.5,9.77,9.31,9.37,True,碧水源,False
2020-07-13,171.669,179.802,170.962,178.034,704553.0,680598198.0,9.3,9.76,9.26,9.66,True,碧水源,False
2020-07-14,178.211,181.039,172.2,175.205,602873.0,572729350.0,9.67,9.83,9.33,9.5,True,碧水源,False
2020-07-15,175.382,177.327,166.719,167.957,649170.0,590095530.0,9.51,9.62,9.02,9.09,True,碧水源,False
2020-07-16,171.493,184.045,170.962,172.73,1648048.0,1542572928.0,9.29,10.0,9.26,9.36,True,碧水源,False
2020-07-17,178.741,185.812,174.675,177.15,1598164.0,1535835604.0,9.7,10.1,9.47,9.61,True,碧水源,False
2020-07-20,178.387,187.05,175.736,186.696,1314330.0,1334044950.0,9.68,10.17,9.53,10.15,True,碧水源,False
2020-07-21,183.868,184.221,178.741,180.686,895243.0,878233383.0,9.99,10.01,9.7,9.81,True,碧水源,False
2020-07-22,178.918,181.039,176.089,179.271,660012.0,642191676.0,9.71,9.83,9.55,9.73,True,碧水源,False
2020-07-23,177.15,178.741,167.78,171.316,934690.0,867392319.9999999,9.61,9.7,9.08,9.28,True,碧水源,False
2020-07-24,169.902,171.493,158.41,159.118,941644.0,808872196.0,9.2,9.29,8.55,8.59,True,碧水源,False
2020-07-27,159.118,161.062,155.405,156.819,450948.0,381502008.00000006,8.59,8.7,8.38,8.46,True,碧水源,False
2020-07-28,158.234,161.416,156.819,159.118,382173.0,328286607.0,8.54,8.72,8.46,8.59,True,碧水源,False
2020-07-29,158.234,160.709,156.643,160.709,610641.0,530036388.0,8.54,8.68,8.45,8.68,True,碧水源,False
2020-07-30,160.885,162.477,157.173,157.88,567424.0,483445248.0,8.69,8.78,8.48,8.52,True,碧水源,False
2020-07-31,158.057,160.178,157.526,158.941,426000.0,365508000.0,8.53,8.65,8.5,8.58,True,碧水源,False
2020-08-03,161.769,165.835,161.416,165.659,663762.0,594730752.0,8.74,8.97,8.72,8.96,True,碧水源,False
2020-08-04,166.189,166.896,163.891,164.775,373104.0,332435664.0,8.99,9.03,8.86,8.91,True,碧水源,False
2020-08-05,164.775,164.952,161.593,163.537,431833.0,381740372.0,8.91,8.92,8.73,8.84,True,碧水源,False
2020-08-06,164.068,164.244,159.294,161.239,472974.0,411960354.00000006,8.87,8.88,8.6,8.71,True,碧水源,False
2020-08-07,160.709,160.709,156.819,158.057,446643.0,380986479.0,8.68,8.68,8.46,8.53,True,碧水源,False
2020-08-10,157.35,165.305,156.819,163.537,508797.0,449776548.0,8.49,8.94,8.46,8.84,True,碧水源,False
2020-08-11,163.007,164.775,161.062,161.593,366004.0,319521492.0,8.81,8.91,8.7,8.73,True,碧水源,False
2020-08-12,161.062,165.482,159.825,165.305,573433.0,512649102.0,8.7,8.95,8.63,8.94,True,碧水源,False
2020-08-13,165.128,172.553,164.244,171.139,854597.0,792211419.0,8.93,9.35,8.88,9.27,True,碧水源,False
2020-08-14,170.786,171.316,167.957,171.139,385639.0,357487353.0,9.25,9.28,9.09,9.27,True,碧水源,False
2020-08-17,171.669,173.791,170.255,172.907,488325.0,457560525.0,9.3,9.42,9.22,9.37,True,碧水源,False
2020-08-18,173.084,174.498,169.548,170.786,531505.0,491642125.0,9.38,9.46,9.18,9.25,True,碧水源,False
2020-08-19,169.902,173.968,168.487,168.664,538944.0,492055872.00000006,9.2,9.43,9.12,9.13,True,碧水源,False
2020-08-20,169.194,169.194,164.068,164.598,547249.0,487051610.0,9.16,9.16,8.87,8.9,True,碧水源,False
2020-08-21,165.659,173.968,165.659,169.725,550944.0,506317536.0,8.96,9.43,8.96,9.19,True,碧水源,False
2020-08-24,171.316,175.736,169.902,173.791,703135.0,662353170.0,9.28,9.53,9.2,9.42,True,碧水源,False
2020-08-25,173.437,177.503,171.669,175.028,677459.0,642908591.0,9.4,9.63,9.3,9.49,True,碧水源,False
2020-08-26,175.028,185.459,173.084,178.211,1285254.0,1242840618.0,9.49,10.08,9.38,9.67,True,碧水源,False
2020-08-27,175.912,182.807,169.902,180.862,998673.0,980696886.0,9.54,9.93,9.2,9.82,True,碧水源,False
2020-08-28,178.034,179.271,174.675,176.62,636889.0,610139662.0,9.66,9.73,9.47,9.58,True,碧水源,False
2020-08-31,180.155,182.984,175.205,179.271,864478.0,841137094.0,9.78,9.94,9.5,9.73,True,碧水源,False
2020-09-01,179.625,183.514,177.857,181.216,628649.0,618590616.0,9.75,9.97,9.65,9.84,True,碧水源,False
2020-09-02,180.862,197.127,180.686,190.055,1547514.0,1600129476.0,9.82,10.74,9.81,10.34,True,碧水源,False
2020-09-03,190.409,193.768,184.752,187.227,939033.0,955935594.0,10.36,10.55,10.04,10.18,True,碧水源,False
2020-09-04,182.63,187.757,180.862,187.227,734110.0,747323980.0,9.92,10.21,9.82,10.18,True,碧水源,False
2020-09-07,188.641,194.298,181.923,182.63,905109.0,897868128.0,10.26,10.58,9.88,9.92,True,碧水源,False
2020-09-08,183.868,194.298,182.1,193.768,1324296.0,1397132280.0,9.99,10.58,9.89,10.55,True,碧水源,False
2020-09-09,190.762,193.414,175.736,177.503,1310122.0,1261647486.0,10.38,10.53,9.53,9.63,True,碧水源,False
2020-09-10,180.155,181.039,167.427,170.432,988331.0,912229513.0,9.78,9.83,9.06,9.23,True,碧水源,False
2020-09-11,168.134,172.377,168.134,170.786,416774.0,385515950.0,9.1,9.34,9.1,9.25,True,碧水源,False
2020-09-14,172.377,178.387,170.962,175.559,561619.0,534661288.0,9.34,9.68,9.26,9.52,True,碧水源,False
2020-09-15,175.912,175.912,170.786,172.73,431193.0,403596648.0,9.54,9.54,9.25,9.36,True,碧水源,False
2020-09-16,172.553,174.321,170.078,173.084,337775.0,316832950.0,9.35,9.45,9.21,9.38,True,碧水源,False
2020-09-17,171.846,174.144,169.194,172.023,392770.0,366061640.0,9.31,9.44,9.16,9.32,True,碧水源,False
2020-09-18,171.846,177.857,170.432,176.089,631806.0,603374730.0,9.31,9.65,9.23,9.55,True,碧水源,False
2020-09-21,176.973,178.918,173.791,175.912,427729.0,408053466.0,9.6,9.71,9.42,9.54,True,碧水源,False
2020-09-22,174.144,177.327,172.553,174.144,350697.0,331057968.0,9.44,9.62,9.35,9.44,True,碧水源,False
2020-09-23,174.675,177.327,173.968,174.852,313651.0,297341148.0,9.47,9.62,9.43,9.48,True,碧水源,False
2020-09-24,172.907,173.614,164.598,165.305,606285.0,542018790.0,9.37,9.41,8.9,8.94,True,碧水源,False
2020-09-25,166.366,166.543,160.709,162.83,354721.0,312154480.0,9.0,9.01,8.68,8.8,True,碧水源,False
2020-09-28,163.714,164.068,160.355,161.062,211786.0,184253820.0,8.85,8.87,8.66,8.7,True,碧水源,False
2020-09-29,162.123,164.244,161.946,162.477,178091.0,156363898.0,8.76,8.88,8.75,8.78,True,碧水源,False
2020-09-30,162.83,163.891,159.648,161.062,167484.0,145711080.0,8.8,8.86,8.62,8.7,True,碧水源,False
2020-10-09,163.714,167.073,163.184,165.835,218748.0,196216956.0,8.85,9.04,8.82,8.97,True,碧水源,False
2020-10-12,167.073,169.371,165.482,168.664,391246.0,357207598.00000006,9.04,9.17,8.95,9.13,True,碧水源,False
2020-10-13,169.018,169.018,166.012,168.487,328042.0,299174304.0,9.15,9.15,8.98,9.12,True,碧水源,False
2020-10-14,168.487,169.725,163.537,164.068,436903.0,387532961.0,9.12,9.19,8.84,8.87,True,碧水源,False
2020-10-15,164.068,166.543,162.3,163.714,330840.0,292793400.0,8.87,9.01,8.77,8.85,True,碧水源,False
2020-10-16,163.537,166.189,163.007,165.128,206144.0,184086592.0,8.84,8.99,8.81,8.93,True,碧水源,False
2020-10-19,164.952,166.896,161.946,162.123,290889.0,254818764.0,8.92,9.03,8.75,8.76,True,碧水源,False
2020-10-20,161.593,164.952,159.825,164.775,276844.0,246668004.0,8.73,8.92,8.63,8.91,True,碧水源,False
2020-10-21,164.244,164.598,154.875,156.643,623655.0,526988475.0,8.88,8.9,8.35,8.45,True,碧水源,False
2020-10-22,154.875,156.466,152.4,153.814,417920.0,346455679.99999994,8.35,8.44,8.21,8.29,True,碧水源,False
2020-10-23,153.46,155.759,150.455,150.455,363264.0,294243840.0,8.27,8.4,8.1,8.1,True,碧水源,False
2020-10-26,151.693,152.223,147.273,148.51,402452.0,321559148.0,8.17,8.2,7.92,7.99,True,碧水源,False
2020-10-27,143.737,149.748,140.908,148.334,557591.0,444957618.0,7.72,8.06,7.56,7.98,True,碧水源,False
2020-10-28,149.041,149.217,144.444,148.51,418641.0,334494159.0,8.02,8.03,7.76,7.99,True,碧水源,False
2020-10-29,146.919,150.985,146.389,149.748,308738.0,248842828.00000003,7.9,8.13,7.87,8.06,True,碧水源,False
2020-10-30,150.101,150.101,143.914,144.444,349713.0,271377288.0,8.08,8.08,7.73,7.76,True,碧水源,False
2020-11-02,144.621,146.742,143.56,145.682,263033.0,205954839.0,7.77,7.89,7.71,7.83,True,碧水源,False
2020-11-03,146.212,149.925,145.328,149.571,332121.0,267357405.00000003,7.86,8.07,7.81,8.05,True,碧水源,False
2020-11-04,150.632,152.046,147.98,149.925,288173.0,232555611.0,8.11,8.19,7.96,8.07,True,碧水源,False
2020-11-05,150.278,154.521,150.278,152.753,356794.0,293641462.0,8.09,8.33,8.09,8.23,True,碧水源,False
2020-11-06,152.576,152.753,150.278,151.869,238654.0,195218972.0,8.22,8.23,8.09,8.18,True,碧水源,False
2020-11-09,151.693,154.875,151.339,154.521,352289.0,293456737.0,8.17,8.35,8.15,8.33,True,碧水源,False
2020-11-10,154.344,160.355,153.46,158.764,783920.0,671819440.0,8.32,8.66,8.27,8.57,True,碧水源,False
2020-11-11,159.294,160.002,155.935,159.118,472286.0,405693674.0,8.6,8.64,8.41,8.59,True,碧水源,False
2020-11-12,159.294,162.123,157.88,159.118,447917.0,384760703.0,8.6,8.76,8.52,8.59,True,碧水源,False
2020-11-13,158.41,160.885,155.759,160.002,399373.0,345058272.0,8.55,8.69,8.4,8.64,True,碧水源,False
2020-11-16,159.294,160.178,154.875,156.112,482465.0,406235530.0,8.6,8.65,8.35,8.42,True,碧水源,False
2020-11-17,155.582,159.294,155.405,156.819,321206.0,271740276.0,8.39,8.6,8.38,8.46,True,碧水源,False
2020-11-18,156.643,156.996,154.168,156.289,256990.0,216642570.0,8.45,8.47,8.31,8.43,True,碧水源,False
2020-11-19,156.289,158.057,154.875,156.996,252323.0,213717581.00000003,8.43,8.53,8.35,8.47,True,碧水源,False
2020-11-20,156.819,160.532,156.289,160.178,377028.0,326129220.0,8.46,8.67,8.43,8.65,True,碧水源,False
2020-11-23,160.355,160.885,156.112,157.35,371519.0,315419631.0,8.66,8.69,8.42,8.49,True,碧水源,False
2020-11-24,157.88,158.764,155.935,157.703,173572.0,147709772.0,8.52,8.57,8.41,8.51,True,碧水源,False
2020-11-25,157.173,158.057,154.521,154.521,286141.0,238355453.0,8.48,8.53,8.33,8.33,True,碧水源,False
2020-11-26,154.521,157.526,154.168,156.643,238380.0,201431100.0,8.33,8.5,8.31,8.45,True,碧水源,False
2020-11-27,156.466,158.41,155.228,156.643,183225.0,154825125.0,8.44,8.55,8.37,8.45,True,碧水源,False
2020-11-30,156.643,159.825,156.289,156.289,294024.0,247862232.0,8.45,8.63,8.43,8.43,True,碧水源,False
2020-12-01,156.643,160.355,156.466,159.294,318051.0,273523860.0,8.45,8.66,8.44,8.6,True,碧水源,False
2020-12-02,159.294,161.946,158.764,160.885,289375.0,251466875.0,8.6,8.75,8.57,8.69,True,碧水源,False
2020-12-03,160.885,161.769,159.118,160.002,173305.0,149735520.0,8.69,8.74,8.59,8.64,True,碧水源,False
2020-12-04,160.002,160.532,158.587,160.355,166094.0,143837404.0,8.64,8.67,8.56,8.66,True,碧水源,False
2020-12-07,160.885,161.593,158.41,160.002,157306.0,135912384.0,8.69,8.73,8.55,8.64,True,碧水源,False
2020-12-08,160.002,161.239,159.471,159.648,128193.0,110502366.0,8.64,8.71,8.61,8.62,True,碧水源,False
2020-12-09,160.355,160.355,149.748,152.576,450547.0,370349634.0,8.66,8.66,8.06,8.22,True,碧水源,False
2020-12-10,151.693,152.046,148.157,149.394,226972.0,182485488.0,8.17,8.19,7.97,8.04,True,碧水源,False
2020-12-11,149.217,152.046,148.157,150.455,252445.0,204480450.0,8.03,8.19,7.97,8.1,True,碧水源,False
2020-12-14,150.632,154.698,150.455,153.637,152108.0,125945424.0,8.11,8.34,8.1,8.28,True,碧水源,False
2020-12-15,153.107,154.698,152.046,153.284,110643.0,91391118.0,8.25,8.34,8.19,8.26,True,碧水源,False
2020-12-16,153.107,153.637,150.809,151.339,90917.0,74097355.0,8.25,8.28,8.12,8.15,True,碧水源,False
2020-12-17,151.869,152.93,149.571,152.223,122425.0,100388500.0,8.18,8.24,8.05,8.2,True,碧水源,False
2020-12-18,151.339,152.93,148.864,149.748,168049.0,135447494.0,8.15,8.24,8.01,8.06,True,碧水源,False
2020-12-21,149.041,150.632,148.334,150.101,174676.0,141138208.0,8.02,8.11,7.98,8.08,True,碧水源,False
2020-12-22,149.041,149.394,144.798,146.212,323179.0,254018694.0,8.02,8.04,7.78,7.86,True,碧水源,False
2020-12-23,145.151,146.212,143.03,145.328,250998.0,196029438.0,7.8,7.86,7.68,7.81,True,碧水源,False
2020-12-24,145.151,146.389,142.5,142.676,203355.0,155769930.0,7.8,7.87,7.65,7.66,True,碧水源,False
2020-12-25,142.853,145.151,141.262,141.616,224622.0,170712720.0,7.67,7.8,7.58,7.6,True,碧水源,False
2020-12-28,141.792,142.146,135.075,138.257,375460.0,278215860.0,7.61,7.63,7.23,7.41,True,碧水源,False
2020-12-29,137.55,142.853,137.196,140.908,208773.0,157832388.0,7.37,7.67,7.35,7.56,True,碧水源,False
2020-12-30,140.908,141.792,137.903,139.141,192268.0,143431928.0,7.56,7.61,7.39,7.46,True,碧水源,False
2020-12-31,138.433,144.444,137.903,142.5,388163.0,296944695.0,7.42,7.76,7.39,7.65,True,碧水源,False
2021-01-04,141.616,141.616,138.964,140.025,327825.0,246196575.0,7.6,7.6,7.45,7.51,True,碧水源,False
2021-01-05,139.671,140.025,132.776,135.075,578407.0,418188261.0,7.49,7.51,7.1,7.23,True,碧水源,False
2021-01-06,134.191,134.367,131.185,131.892,384335.0,270956175.0,7.18,7.19,7.01,7.05,True,碧水源,False
2021-01-07,131.892,137.903,128.18,135.428,646943.0,469033675.0,7.05,7.39,6.84,7.25,True,碧水源,False
2021-01-08,134.898,143.737,134.014,140.025,725351.0,544738601.0,7.22,7.72,7.17,7.51,True,碧水源,False
2021-01-11,139.671,143.207,137.55,139.141,371861.0,277408306.0,7.49,7.69,7.37,7.46,True,碧水源,False
2021-01-12,140.555,140.908,130.301,138.08,892135.0,660179900.0,7.54,7.56,6.96,7.4,True,碧水源,False
2021-01-13,137.903,146.566,134.544,143.384,727991.0,560553070.0,7.39,7.88,7.2,7.7,True,碧水源,False
2021-01-14,143.56,146.035,142.323,143.737,347797.0,268499284.0,7.71,7.85,7.64,7.72,True,碧水源,False
2021-01-15,142.676,145.682,141.792,142.853,291748.0,223770716.0,7.66,7.83,7.61,7.67,True,碧水源,False
2021-01-18,143.384,146.389,140.908,141.969,301901.0,230048562.0,7.7,7.87,7.56,7.62,True,碧水源,False
2021-01-19,141.616,142.5,137.726,140.025,274394.0,206069894.0,7.6,7.65,7.38,7.51,True,碧水源,False
2021-01-20,140.201,140.908,138.257,140.555,207025.0,156096850.0,7.52,7.56,7.41,7.54,True,碧水源,False
2021-01-21,140.201,140.908,138.08,139.494,225777.0,168881196.0,7.52,7.56,7.4,7.48,True,碧水源,False
2021-01-22,139.141,139.494,137.019,138.964,253355.0,188749475.0,7.46,7.48,7.34,7.45,True,碧水源,False
2021-01-25,139.494,146.566,139.317,141.792,470070.0,357723270.0,7.48,7.88,7.47,7.61,True,碧水源,False
2021-01-26,142.146,142.5,137.373,138.08,293834.0,217437160.0,7.63,7.65,7.36,7.4,True,碧水源,False
2021-01-27,137.55,140.555,135.428,137.55,205851.0,151712187.0,7.37,7.54,7.25,7.37,True,碧水源,False
2021-01-28,138.61,138.964,136.135,136.842,184151.0,134982683.0,7.43,7.45,7.29,7.33,True,碧水源,False
2021-01-29,137.196,137.903,133.307,135.075,195467.0,141322641.0,7.35,7.39,7.13,7.23,True,碧水源,False
2021-02-01,134.367,137.55,132.953,136.666,198511.0,145310052.0,7.19,7.37,7.11,7.32,True,碧水源,False
2021-02-02,136.312,137.726,134.721,135.958,165442.0,120441776.0,7.3,7.38,7.21,7.28,True,碧水源,False
2021-02-03,135.958,137.196,133.307,134.721,161607.0,116518647.0,7.28,7.35,7.13,7.21,True,碧水源,False
2021-02-04,133.66,137.55,133.13,136.135,220935.0,161061615.0,7.15,7.37,7.12,7.29,True,碧水源,False
2021-02-05,136.312,139.848,134.898,136.312,191229.0,139597170.0,7.3,7.5,7.22,7.3,True,碧水源,False
2021-02-08,136.489,142.853,136.489,138.08,431238.0,319116120.0,7.31,7.67,7.31,7.4,True,碧水源,False
2021-02-09,139.141,139.141,135.075,137.726,198721.0,146656098.0,7.46,7.46,7.23,7.38,True,碧水源,False
2021-02-10,138.433,138.433,135.782,136.489,182893.0,133694783.0,7.42,7.42,7.27,7.31,True,碧水源,False
2021-02-18,138.08,142.5,137.373,139.848,261914.0,196435500.0,7.4,7.65,7.36,7.5,True,碧水源,False
2021-02-19,140.378,144.444,139.317,143.737,319287.0,246489564.0,7.53,7.76,7.47,7.72,True,碧水源,False
2021-02-22,145.151,149.041,143.384,144.091,572271.0,442937754.0,7.8,8.02,7.7,7.74,True,碧水源,False
2021-02-23,145.151,148.157,143.914,144.621,387674.0,301222698.0,7.8,7.97,7.73,7.77,True,碧水源,False
2021-02-24,144.621,145.505,140.732,142.676,429537.0,329025342.0,7.77,7.82,7.55,7.66,True,碧水源,False
2021-02-25,143.56,144.091,139.671,140.025,293206.0,220197706.0,7.71,7.74,7.49,7.51,True,碧水源,False
2021-02-26,138.964,147.273,138.787,141.969,568894.0,433497228.0,7.45,7.92,7.44,7.62,True,碧水源,False
2021-03-01,143.207,147.273,142.853,143.56,439414.0,338788194.0,7.69,7.92,7.67,7.71,True,碧水源,False
2021-03-02,143.737,150.809,142.676,147.626,722874.0,573961956.0,7.72,8.12,7.66,7.94,True,碧水源,False
2021-03-03,146.919,148.51,145.151,147.096,424214.0,335553274.0,7.9,7.99,7.8,7.91,True,碧水源,False
2021-03-04,146.742,150.809,146.035,149.394,546836.0,439656144.0,7.89,8.12,7.85,8.04,True,碧水源,False
2021-03-05,149.041,150.278,145.859,148.51,404287.0,323025313.0,8.02,8.09,7.84,7.99,True,碧水源,False
2021-03-08,149.041,151.162,146.389,146.919,413092.0,326342680.0,8.02,8.14,7.87,7.9,True,碧水源,False
2021-03-09,146.212,146.742,140.908,143.384,433125.0,333506250.0,7.86,7.89,7.56,7.7,True,碧水源,False
2021-03-10,143.737,144.267,137.726,138.61,360391.0,267770513.0,7.72,7.75,7.38,7.43,True,碧水源,False
2021-03-11,138.964,139.494,136.842,139.494,252178.0,188629144.0,7.45,7.48,7.33,7.48,True,碧水源,False
2021-03-12,138.964,141.969,136.842,140.378,283837.0,213729261.0,7.45,7.62,7.33,7.53,True,碧水源,False
2021-03-15,140.732,143.914,139.671,142.676,355330.0,272182780.0,7.55,7.73,7.49,7.66,True,碧水源,False
2021-03-16,143.737,149.394,142.676,147.45,541931.0,429751283.0,7.72,8.04,7.66,7.93,True,碧水源,False
2021-03-17,146.742,147.273,144.091,145.859,292709.0,229483856.0,7.89,7.92,7.74,7.84,True,碧水源,False
2021-03-18,146.035,147.803,144.444,145.151,224249.0,174914220.0,7.85,7.95,7.76,7.8,True,碧水源,False
2021-03-19,144.975,147.273,144.444,145.505,245906.0,192298492.0,7.79,7.92,7.76,7.82,True,碧水源,False
2021-03-22,145.505,150.985,145.505,149.925,540797.0,436423179.0,7.82,8.13,7.82,8.07,True,碧水源,False
2021-03-23,150.101,151.339,147.273,148.51,406207.0,324559393.0,8.08,8.15,7.92,7.99,True,碧水源,False
2021-03-24,147.096,152.93,146.389,148.51,555218.0,443619182.0,7.91,8.24,7.87,7.99,True,碧水源,False
2021-03-25,146.919,148.687,142.676,143.737,450875.0,348075500.0,7.9,8.0,7.66,7.72,True,碧水源,False
2021-03-26,144.091,150.632,143.737,147.626,527411.0,418764334.0,7.74,8.11,7.72,7.94,True,碧水源,False
2021-03-29,147.98,148.687,144.091,145.505,375930.0,293977260.0,7.96,8.0,7.74,7.82,True,碧水源,False
2021-03-30,144.621,144.975,139.848,140.908,451958.0,341680248.0,7.77,7.79,7.5,7.56,True,碧水源,False
2021-03-31,140.732,150.455,140.555,149.217,808455.0,649189365.0,7.55,8.1,7.54,8.03,True,碧水源,False
2021-04-01,148.51,149.571,147.096,148.334,319164.0,254692872.0,7.99,8.05,7.91,7.98,True,碧水源,False
2021-04-02,148.157,148.51,143.737,145.328,406438.0,317428078.0,7.97,7.99,7.72,7.81,True,碧水源,False
2021-04-06,145.682,145.859,143.914,144.798,195665.0,152227370.0,7.83,7.84,7.73,7.78,True,碧水源,False
2021-04-07,144.975,145.859,143.384,144.621,272898.0,212041746.0,7.79,7.84,7.7,7.77,True,碧水源,False
2021-04-08,144.798,144.975,141.969,143.56,277848.0,214220808.0,7.78,7.79,7.62,7.71,True,碧水源,False
2021-04-09,143.384,144.091,141.792,142.323,198812.0,151892368.0,7.7,7.74,7.61,7.64,True,碧水源,False
2021-04-12,144.975,146.212,141.439,142.5,362422.0,277252830.0,7.79,7.86,7.59,7.65,True,碧水源,False
2021-04-13,142.5,150.632,140.025,146.389,745400.0,586629800.0,7.65,8.11,7.51,7.87,True,碧水源,False
2021-04-14,145.328,148.51,143.56,145.859,465134.0,364665056.0,7.81,7.99,7.71,7.84,True,碧水源,False
2021-04-15,144.267,144.444,141.792,142.323,326519.0,249460516.0,7.75,7.76,7.61,7.64,True,碧水源,False
2021-04-16,142.676,143.737,141.969,143.384,210685.0,162227450.0,7.66,7.72,7.62,7.7,True,碧水源,False
2021-04-19,143.207,144.444,142.676,143.737,277531.0,214253932.0,7.69,7.76,7.66,7.72,True,碧水源,False
2021-04-20,143.914,143.914,141.792,142.5,288286.0,220538790.0,7.73,7.73,7.61,7.65,True,碧水源,False
2021-04-21,142.146,142.146,140.908,141.792,159384.0,121291224.0,7.63,7.63,7.56,7.61,True,碧水源,False
2021-04-22,141.969,142.5,140.908,141.439,173954.0,132031086.0,7.62,7.65,7.56,7.59,True,碧水源,False
2021-04-23,141.439,141.439,138.433,140.732,280271.0,211604605.0,7.59,7.59,7.42,7.55,True,碧水源,False
2021-04-26,138.08,138.964,133.483,134.544,637832.0,459239040.0,7.4,7.45,7.14,7.2,True,碧水源,False
2021-04-27,134.544,135.251,132.599,133.307,223058.0,159040354.0,7.2,7.24,7.09,7.13,True,碧水源,False
2021-04-28,133.13,134.191,132.423,132.776,172696.0,122614160.0,7.12,7.18,7.08,7.1,True,碧水源,False
2021-04-29,132.423,133.307,132.246,132.953,174273.0,123908103.0,7.08,7.13,7.07,7.11,True,碧水源,False
2021-04-30,132.776,133.307,130.301,131.539,235086.0,165265458.0,7.1,7.13,6.96,7.03,True,碧水源,False
2021-05-06,131.539,132.776,130.478,131.539,174987.0,123015861.0,7.03,7.1,6.97,7.03,True,碧水源,False
2021-05-07,131.539,132.069,130.655,131.892,136595.0,96299475.0,7.03,7.06,6.98,7.05,True,碧水源,False
2021-05-10,132.069,132.246,129.064,129.948,228714.0,158727516.0,7.06,7.07,6.89,6.94,True,碧水源,False
2021-05-11,129.771,131.539,129.064,131.539,175838.0,123614114.0,6.93,7.03,6.89,7.03,True,碧水源,False
2021-05-12,131.008,131.716,130.124,131.185,120098.0,84188698.0,7.0,7.04,6.95,7.01,True,碧水源,False
2021-05-13,130.832,131.539,130.655,130.832,118429.0,82781871.0,6.99,7.03,6.98,6.99,True,碧水源,False
2021-05-14,131.185,134.898,131.185,133.483,250759.0,179041926.0,7.01,7.22,7.01,7.14,True,碧水源,False
2021-05-17,134.191,136.135,133.483,135.075,324938.0,234930174.0,7.18,7.29,7.14,7.23,True,碧水源,False
2021-05-18,135.428,135.782,133.837,134.367,159003.0,114323157.0,7.25,7.27,7.16,7.19,True,碧水源,False
2021-05-19,134.898,135.251,134.014,134.367,171380.0,123222220.0,7.22,7.24,7.17,7.19,True,碧水源,False
2021-05-20,133.837,134.721,132.599,133.307,201089.0,143376457.0,7.16,7.21,7.09,7.13,True,碧水源,False
2021-05-21,132.953,134.014,132.246,133.307,211244.0,150616972.0,7.11,7.17,7.07,7.13,True,碧水源,False
2021-05-24,133.66,135.782,133.13,135.428,249875.0,181159375.0,7.15,7.27,7.12,7.25,True,碧水源,False
2021-05-25,134.898,136.312,134.014,135.605,269958.0,195989508.0,7.22,7.3,7.17,7.26,True,碧水源,False
2021-05-26,135.605,136.312,134.721,135.075,198393.0,143438139.0,7.26,7.3,7.21,7.23,True,碧水源,False
2021-05-27,135.251,135.605,134.014,134.544,206699.0,148823280.0,7.24,7.26,7.17,7.2,True,碧水源,False
2021-05-28,134.898,134.898,133.13,133.483,222608.0,158942112.0,7.22,7.22,7.12,7.14,True,碧水源,False
2021-05-31,133.837,134.544,132.953,134.367,215917.0,155244323.0,7.16,7.2,7.11,7.19,True,碧水源,False
2021-06-01,133.837,135.428,133.483,134.898,246839.0,178217758.0,7.16,7.25,7.14,7.22,True,碧水源,False
2021-06-02,135.605,136.842,134.898,135.428,364508.0,264268300.0,7.26,7.33,7.22,7.25,True,碧水源,False
2021-06-03,135.075,136.135,134.014,135.605,266899.0,193768674.0,7.23,7.29,7.17,7.26,True,碧水源,False
2021-06-04,135.605,135.605,133.837,135.428,226238.0,164022550.0,7.26,7.26,7.16,7.25,True,碧水源,False
2021-06-07,135.075,135.605,134.191,135.428,182231.0,132117475.0,7.23,7.26,7.18,7.25,True,碧水源,False
2021-06-08,135.516,136.047,134.633,135.693,191066.0,137758586.0,7.2,7.23,7.15,7.21,True,碧水源,False
2021-06-09,136.047,136.047,134.279,134.986,201767.0,144666939.0,7.23,7.23,7.13,7.17,True,碧水源,False
2021-06-10,134.633,135.163,133.925,134.279,218340.0,155676420.0,7.15,7.18,7.11,7.13,True,碧水源,False
2021-06-11,133.749,134.456,133.218,133.925,234383.0,166646313.0,7.1,7.14,7.07,7.11,True,碧水源,False
2021-06-15,133.925,134.279,132.334,132.865,212194.0,149596770.0,7.11,7.13,7.02,7.05,True,碧水源,False
2021-06-16,133.041,133.925,132.334,132.334,174015.0,122158530.0,7.06,7.11,7.02,7.02,True,碧水源,False
2021-06-17,132.334,133.218,131.804,132.158,158091.0,110821791.0,7.02,7.07,6.99,7.01,True,碧水源,False
2021-06-18,132.334,133.749,131.274,133.395,199615.0,141327420.0,7.02,7.1,6.96,7.08,True,碧水源,False
2021-06-21,133.925,134.279,132.158,132.688,213475.0,150286400.0,7.11,7.13,7.01,7.04,True,碧水源,False
2021-06-22,132.334,134.279,132.158,133.395,183928.0,130221024.0,7.02,7.13,7.01,7.08,True,碧水源,False
2021-06-23,133.041,141.174,132.865,138.875,772837.0,571126543.0,7.06,7.52,7.05,7.39,True,碧水源,False
2021-06-24,139.583,142.942,139.229,139.936,584154.0,435194730.0,7.43,7.62,7.41,7.45,True,碧水源,False
2021-06-25,139.759,140.82,138.522,139.759,276338.0,205595472.0,7.44,7.5,7.37,7.44,True,碧水源,False
2021-06-28,140.29,141.704,139.406,139.759,214268.0,159415392.0,7.47,7.55,7.42,7.44,True,碧水源,False
2021-06-29,140.643,140.997,137.638,138.522,205379.0,151364323.0,7.49,7.51,7.32,7.37,True,碧水源,False
2021-06-30,137.992,138.522,137.284,137.461,175829.0,128530999.0,7.34,7.37,7.3,7.31,True,碧水源,False
2021-07-01,137.638,140.82,136.224,136.577,264409.0,191960934.0,7.32,7.5,7.24,7.26,True,碧水源,False
2021-07-02,136.577,136.931,133.925,135.516,251285.0,180925200.0,7.26,7.28,7.11,7.2,True,碧水源,False
2021-07-05,135.163,138.699,134.986,137.461,243149.0,177741919.0,7.18,7.38,7.17,7.31,True,碧水源,False
2021-07-06,136.754,138.345,135.163,137.284,235605.0,171991650.0,7.27,7.36,7.18,7.3,True,碧水源,False
2021-07-07,137.815,140.82,136.577,138.345,344019.0,253197984.0,7.33,7.5,7.26,7.36,True,碧水源,False
2021-07-08,138.699,140.997,136.754,137.815,282725.0,207237425.0,7.38,7.51,7.27,7.33,True,碧水源,False
2021-07-09,136.754,140.467,136.047,138.168,310265.0,228044775.0,7.27,7.48,7.23,7.35,True,碧水源,False
2021-07-12,138.875,140.643,137.108,138.168,338000.0,248430000.0,7.39,7.49,7.29,7.35,True,碧水源,False
2021-07-13,137.638,138.699,136.047,137.108,256833.0,187231257.0,7.32,7.38,7.23,7.29,True,碧水源,False
2021-07-14,137.284,138.168,134.986,135.516,271361.0,195379920.0,7.3,7.35,7.17,7.2,True,碧水源,False
2021-07-15,135.163,135.516,133.218,134.633,244271.0,174653765.0,7.18,7.2,7.07,7.15,True,碧水源,False
2021-07-16,134.456,135.87,134.102,135.163,199518.0,143253924.0,7.14,7.22,7.12,7.18,True,碧水源,False
2021-07-19,134.456,135.34,133.218,134.456,218451.0,155974014.0,7.14,7.19,7.07,7.14,True,碧水源,False
2021-07-20,134.633,135.34,133.572,134.102,122632.0,87313984.0,7.15,7.19,7.09,7.12,True,碧水源,False
2021-07-21,134.809,135.693,134.279,134.633,248993.0,178029995.0,7.16,7.21,7.13,7.15,True,碧水源,False
2021-07-22,134.633,134.809,133.925,134.633,189524.0,135509660.0,7.15,7.16,7.11,7.15,True,碧水源,False
2021-07-23,134.633,134.809,132.158,133.925,317903.0,226029033.0,7.15,7.16,7.01,7.11,True,碧水源,False
2021-07-26,133.925,133.925,130.213,131.097,285862.0,198674090.0,7.11,7.11,6.9,6.95,True,碧水源,False
2021-07-27,131.097,131.45,127.384,130.213,438645.0,302665050.0,6.95,6.97,6.74,6.9,True,碧水源,False
2021-07-28,129.329,131.097,126.324,128.975,406488.0,277631304.0,6.85,6.95,6.68,6.83,True,碧水源,False
2021-07-29,129.859,130.743,127.915,130.036,307868.0,212121052.0,6.88,6.93,6.77,6.89,True,碧水源,False
2021-07-30,128.799,131.45,128.268,130.566,264122.0,182772424.0,6.82,6.97,6.79,6.92,True,碧水源,False
2021-08-02,130.39,133.749,129.683,131.45,345179.0,240589763.0,6.91,7.1,6.87,6.97,True,碧水源,False
2021-08-03,131.627,133.218,130.743,131.45,249320.0,173776040.0,6.98,7.07,6.93,6.97,True,碧水源,False
2021-08-04,131.804,132.865,131.097,131.45,245856.0,171361632.0,6.99,7.05,6.95,6.97,True,碧水源,False
2021-08-05,131.274,131.981,129.859,130.92,280659.0,194777346.0,6.96,7.0,6.88,6.94,True,碧水源,False
2021-08-06,130.743,136.754,129.506,133.925,639477.0,454668147.0,6.93,7.27,6.86,7.11,True,碧水源,False
2021-08-09,133.749,136.047,133.041,134.809,442841.0,317074156.0,7.1,7.23,7.06,7.16,True,碧水源,False
2021-08-10,135.693,135.87,133.749,134.102,296912.0,211401344.0,7.21,7.22,7.1,7.12,True,碧水源,False
2021-08-11,134.279,136.224,133.925,135.516,417866.0,300863520.0,7.13,7.24,7.11,7.2,True,碧水源,False
2021-08-12,135.163,136.4,134.809,135.693,304969.0,219882649.0,7.18,7.25,7.16,7.21,True,碧水源,False
2021-08-13,135.516,137.992,134.986,136.754,332217.0,241521759.0,7.2,7.34,7.17,7.27,True,碧水源,False
2021-08-16,136.224,136.754,134.986,135.516,268191.0,193097520.0,7.24,7.27,7.17,7.2,True,碧水源,False
2021-08-17,135.163,137.108,134.809,135.34,395863.0,284625497.0,7.18,7.29,7.16,7.19,True,碧水源,False
2021-08-18,135.34,137.284,134.633,136.4,354625.0,257103125.0,7.19,7.3,7.15,7.25,True,碧水源,False
2021-08-19,136.047,137.815,135.516,135.87,278610.0,201156420.0,7.23,7.33,7.2,7.22,True,碧水源,False
2021-08-20,136.4,136.577,134.633,136.047,303930.0,219741390.0,7.25,7.26,7.15,7.23,True,碧水源,False
2021-08-23,136.224,136.754,135.163,135.516,268305.0,193179600.0,7.24,7.27,7.18,7.2,True,碧水源,False
2021-08-24,135.516,138.168,134.809,136.577,321393.0,233331318.0,7.2,7.35,7.16,7.26,True,碧水源,False
2021-08-25,136.4,140.997,135.34,140.113,514726.0,383985596.0,7.25,7.51,7.19,7.46,True,碧水源,False
2021-08-26,140.113,141.35,137.815,138.522,389133.0,286791021.0,7.46,7.53,7.33,7.37,True,碧水源,False
2021-08-27,137.992,138.168,134.809,136.047,400455.0,289528965.0,7.34,7.35,7.16,7.23,True,碧水源,False
2021-08-30,135.516,143.118,135.516,140.997,613563.0,460785813.0,7.2,7.63,7.2,7.51,True,碧水源,False
2021-08-31,144.356,147.008,141.35,142.234,853897.0,647253926.0,7.7,7.85,7.53,7.58,True,碧水源,False
2021-09-01,140.997,145.417,140.997,140.997,517428.0,388588428.0,7.51,7.76,7.51,7.51,True,碧水源,False
2021-09-02,147.892,165.217,147.892,154.963,1841614.0,1528539620.0000002,7.9,8.88,7.9,8.3,True,碧水源,False
2021-09-03,153.018,159.913,148.245,149.836,1262691.0,1011415491.0,8.19,8.58,7.92,8.01,True,碧水源,False
2021-09-06,152.311,159.913,150.72,156.024,1042375.0,871425500.0,8.15,8.58,8.06,8.36,True,碧水源,False
2021-09-07,156.201,156.201,152.488,154.61,544894.0,451172232.0,8.37,8.37,8.16,8.28,True,碧水源,False
2021-09-08,154.786,162.919,152.488,157.085,764528.0,643732576.0,8.29,8.75,8.16,8.42,True,碧水源,False
2021-09-09,156.377,160.443,153.902,157.615,577802.0,488242690.0,8.38,8.61,8.24,8.45,True,碧水源,False
2021-09-10,157.968,159.736,153.195,153.549,590445.0,485345790.00000006,8.47,8.57,8.2,8.22,True,碧水源,False
2021-09-13,155.317,160.62,154.963,159.029,781028.0,666216884.0,8.32,8.62,8.3,8.53,True,碧水源,False
2021-09-14,159.383,159.913,153.902,154.079,771265.0,636293625.0,8.55,8.58,8.24,8.25,True,碧水源,False
2021-09-15,153.372,154.963,150.013,152.134,643185.0,523552590.00000006,8.21,8.3,8.02,8.14,True,碧水源,False
2021-09-16,152.134,154.433,148.422,149.306,585694.0,467383812.0,8.14,8.27,7.93,7.98,True,碧水源,False
2021-09-17,149.483,150.72,146.831,150.19,383701.0,308111903.0,7.99,8.06,7.84,8.03,True,碧水源,False
2021-09-22,148.422,152.488,147.008,151.781,376958.0,306089896.0,7.93,8.16,7.85,8.12,True,碧水源,False
2021-09-23,151.781,163.979,151.427,162.388,1114710.0,972027120.0,8.12,8.81,8.1,8.72,True,碧水源,False
2021-09-24,159.029,161.151,155.847,156.201,562426.0,470750562.0,8.53,8.65,8.35,8.37,True,碧水源,False
2021-09-27,156.024,158.145,148.776,149.129,545655.0,434887035.0,8.36,8.48,7.95,7.97,True,碧水源,False
2021-09-28,149.659,153.549,148.952,151.781,332658.0,270118296.0,8.0,8.22,7.96,8.12,True,碧水源,False
2021-09-29,149.659,152.488,147.892,148.068,410057.0,324355087.0,8.0,8.16,7.9,7.91,True,碧水源,False
2021-09-30,148.776,151.251,145.24,145.593,475540.0,369494580.0,7.95,8.09,7.75,7.77,True,碧水源,False
2021-10-08,149.129,154.079,143.118,144.179,726866.0,558959954.0,7.97,8.25,7.63,7.69,True,碧水源,False
2021-10-11,143.825,144.533,139.583,140.467,510063.0,381527124.0,7.67,7.71,7.43,7.48,True,碧水源,False
2021-10-12,139.936,141.35,136.224,137.108,419537.0,305842473.0,7.45,7.53,7.24,7.29,True,碧水源,False
2021-10-13,136.931,137.992,135.34,137.284,211656.0,154508880.0,7.28,7.34,7.19,7.3,True,碧水源,False
2021-10-14,137.284,138.345,136.224,136.754,183005.0,133044635.0,7.3,7.36,7.24,7.27,True,碧水源,False
2021-10-15,136.577,137.108,134.279,134.279,306432.0,218486016.0,7.26,7.29,7.13,7.13,True,碧水源,False
2021-10-18,134.986,136.047,134.456,134.809,204896.0,146705536.0,7.17,7.23,7.14,7.16,True,碧水源,False
2021-10-19,134.809,135.87,133.925,135.34,200559.0,144201921.0,7.16,7.22,7.11,7.19,True,碧水源,False
2021-10-20,135.87,136.577,134.633,134.986,215354.0,154408818.0,7.22,7.26,7.15,7.17,True,碧水源,False
2021-10-21,135.163,136.224,134.456,135.163,162252.0,116496936.0,7.18,7.24,7.14,7.18,True,碧水源,False
2021-10-22,135.34,135.693,131.627,131.981,417348.0,292143600.0,7.19,7.21,6.98,7.0,True,碧水源,False
2021-10-25,132.158,132.511,129.683,130.036,333197.0,229572733.0,7.01,7.03,6.87,6.89,True,碧水源,False
2021-10-26,129.859,139.052,129.683,133.041,531757.0,375420442.0,6.88,7.4,6.87,7.06,True,碧水源,False
2021-10-27,131.097,131.097,127.561,128.445,420337.0,285829160.0,6.95,6.95,6.75,6.8,True,碧水源,False
2021-10-28,128.445,129.506,127.738,129.152,205389.0,140486076.0,6.8,6.86,6.76,6.84,True,碧水源,False
2021-10-29,129.329,132.334,128.975,131.627,225980.0,157734040.0,6.85,7.02,6.83,6.98,True,碧水源,False
2021-11-01,131.981,132.158,130.036,131.097,187163.0,130078285.0,7.0,7.01,6.89,6.95,True,碧水源,False
2021-11-02,131.274,131.627,127.915,131.097,277847.0,193103665.0,6.96,6.98,6.77,6.95,True,碧水源,False
2021-11-03,131.097,134.633,130.39,133.218,228845.0,161793415.0,6.95,7.15,6.91,7.07,True,碧水源,False
2021-11-04,133.572,133.572,132.158,133.218,144718.0,102315626.0,7.09,7.09,7.01,7.07,True,碧水源,False
2021-11-05,133.041,133.041,131.45,132.511,157806.0,110937618.0,7.06,7.06,6.97,7.03,True,碧水源,False
2021-11-08,132.688,136.224,132.511,134.456,321681.0,229680234.0,7.04,7.24,7.03,7.14,True,碧水源,False
2021-11-09,134.633,135.87,132.688,133.749,221561.0,157308310.0,7.15,7.22,7.04,7.1,True,碧水源,False
2021-11-10,133.749,134.102,131.981,133.218,199180.0,140820260.0,7.1,7.12,7.0,7.07,True,碧水源,False
2021-11-11,133.395,135.34,132.865,134.279,216556.0,154404428.0,7.08,7.19,7.05,7.13,True,碧水源,False
2021-11-12,133.749,134.102,132.688,133.395,195427.0,138362316.0,7.1,7.12,7.04,7.08,True,碧水源,False
2021-11-15,133.395,135.516,133.218,134.633,237272.0,169649480.0,7.08,7.2,7.07,7.15,True,碧水源,False
2021-11-16,134.102,134.633,132.865,133.041,171262.0,120910972.0,7.12,7.15,7.05,7.06,True,碧水源,False
2021-11-17,133.041,134.279,132.865,133.572,146889.0,104144301.0,7.06,7.13,7.05,7.09,True,碧水源,False
2021-11-18,133.749,134.102,132.688,133.041,172334.0,121667804.0,7.1,7.12,7.04,7.06,True,碧水源,False
2021-11-19,133.041,133.218,131.45,133.218,198988.0,140684516.0,7.06,7.07,6.97,7.07,True,碧水源,False
2021-11-22,133.041,134.456,132.865,133.572,197067.0,139720503.0,7.06,7.14,7.05,7.09,True,碧水源,False
2021-11-23,133.749,134.279,133.041,133.395,224367.0,158851836.0,7.1,7.13,7.06,7.08,True,碧水源,False
2021-11-24,133.749,133.749,131.804,132.334,205590.0,144324180.0,7.1,7.1,6.99,7.02,True,碧水源,False
2021-11-25,132.511,133.749,132.158,132.688,187200.0,131788800.0,7.03,7.1,7.01,7.04,True,碧水源,False
2021-11-26,132.158,137.108,131.804,134.809,542593.0,388496588.0,7.01,7.29,6.99,7.16,True,碧水源,False
2021-11-29,133.218,133.218,131.804,132.334,331576.0,232766352.0,7.07,7.07,6.99,7.02,True,碧水源,False
2021-11-30,132.688,134.279,132.334,133.218,258298.0,182616686.0,7.04,7.13,7.02,7.07,True,碧水源,False
2021-12-01,133.395,136.047,132.688,135.693,354576.0,255649296.0,7.08,7.23,7.04,7.21,True,碧水源,False
2021-12-02,135.516,138.168,135.163,136.047,419480.0,303284040.0,7.2,7.35,7.18,7.23,True,碧水源,False
2021-12-03,136.4,137.284,135.163,136.577,237409.0,172358934.0,7.25,7.3,7.18,7.26,True,碧水源,False
2021-12-06,136.754,137.815,135.163,135.34,251625.0,180918375.0,7.27,7.33,7.18,7.19,True,碧水源,False
2021-12-07,136.047,136.4,133.925,135.34,236005.0,169687595.0,7.23,7.25,7.11,7.19,True,碧水源,False
2021-12-08,136.047,136.047,134.809,135.693,178265.0,128529065.0,7.23,7.23,7.16,7.21,True,碧水源,False
2021-12-09,135.693,136.577,135.163,136.047,223005.0,161232615.0,7.21,7.26,7.18,7.23,True,碧水源,False
2021-12-10,135.693,137.108,135.163,136.4,375909.0,272534025.0,7.21,7.29,7.18,7.25,True,碧水源,False
2021-12-13,136.931,136.931,135.693,136.224,225492.0,163256208.0,7.28,7.28,7.21,7.24,True,碧水源,False
2021-12-14,135.87,135.87,134.809,135.34,220570.0,158589830.0,7.22,7.22,7.16,7.19,True,碧水源,False
2021-12-15,135.34,136.577,134.809,135.87,206438.0,149048236.0,7.19,7.26,7.16,7.22,True,碧水源,False
2021-12-16,136.577,143.649,136.4,140.82,770143.0,577607250.0,7.26,7.66,7.25,7.5,True,碧水源,False
2021-12-17,140.113,142.234,139.229,140.113,431711.0,322056406.0,7.46,7.58,7.41,7.46,True,碧水源,False
2021-12-20,140.997,143.295,138.875,142.234,528339.0,400480962.0,7.51,7.64,7.39,7.58,True,碧水源,False
2021-12-21,142.234,143.472,140.29,142.588,349995.0,265996200.0,7.58,7.65,7.47,7.6,True,碧水源,False
2021-12-22,142.411,142.411,139.406,140.29,387127.0,289183869.0,7.59,7.59,7.42,7.47,True,碧水源,False
2021-12-23,139.583,141.174,136.931,137.638,530767.0,388521444.0,7.43,7.52,7.28,7.32,True,碧水源,False
2021-12-24,137.815,138.522,133.925,134.986,468086.0,335617662.0,7.33,7.37,7.11,7.17,True,碧水源,False
2021-12-27,133.041,135.34,132.334,134.102,248986.0,177278032.0,7.06,7.19,7.02,7.12,True,碧水源,False
2021-12-28,134.279,135.163,133.395,134.456,176951.0,126343014.0,7.13,7.18,7.08,7.14,True,碧水源,False
2021-12-29,134.633,135.163,133.572,134.456,175571.0,125357694.0,7.15,7.18,7.09,7.14,True,碧水源,False
2021-12-30,134.102,135.516,133.925,134.456,165002.0,117811428.0,7.12,7.2,7.11,7.14,True,碧水源,False
2021-12-31,134.456,136.224,134.456,135.34,207058.0,148874702.0,7.14,7.24,7.14,7.19,True,碧水源,False
2022-01-04,135.34,137.815,135.34,137.108,273646.0,199487934.0,7.19,7.33,7.19,7.29,True,碧水源,False
2022-01-05,137.108,140.82,137.108,138.522,446767.0,329267279.0,7.29,7.5,7.29,7.37,True,碧水源,False
2022-01-06,137.638,141.704,137.108,140.467,424164.0,317274672.0,7.32,7.55,7.29,7.48,True,碧水源,False
2022-01-07,140.82,141.35,138.522,138.875,419568.0,310060752.0,7.5,7.53,7.37,7.39,True,碧水源,False
2022-01-10,139.759,140.643,138.168,139.052,294220.0,217722800.0,7.44,7.49,7.35,7.4,True,碧水源,False
2022-01-11,139.052,139.936,137.815,138.168,247706.0,182063910.0,7.4,7.45,7.33,7.35,True,碧水源,False
2022-01-12,138.875,141.527,137.638,138.168,414233.0,304461255.0,7.39,7.54,7.32,7.35,True,碧水源,False
2022-01-13,138.168,139.052,136.4,136.4,289418.0,209828050.0,7.35,7.4,7.25,7.25,True,碧水源,False
2022-01-14,136.224,136.754,134.279,134.986,249278.0,178732326.0,7.24,7.27,7.13,7.17,True,碧水源,False
2022-01-17,134.456,136.4,134.456,136.224,198781.0,143917444.0,7.14,7.25,7.14,7.24,True,碧水源,False
2022-01-18,136.4,136.4,132.334,133.395,568679.0,402624732.0,7.25,7.25,7.02,7.08,True,碧水源,False
2022-01-19,133.041,134.279,132.865,133.749,287253.0,203949630.0,7.06,7.13,7.05,7.1,True,碧水源,False
2022-01-20,134.102,134.633,132.511,133.395,224593.0,159011844.0,7.12,7.15,7.03,7.08,True,碧水源,False
2022-01-21,133.041,133.749,130.743,131.274,330216.0,229830336.0,7.06,7.1,6.93,6.96,True,碧水源,False
2022-01-24,131.274,132.158,130.39,130.92,178190.0,123663860.0,6.96,7.01,6.91,6.94,True,碧水源,False
2022-01-25,131.097,131.274,126.5,126.677,338710.0,226935700.0,6.95,6.96,6.69,6.7,True,碧水源,False
2022-01-26,127.031,128.091,126.324,127.207,166781.0,112243613.0,6.72,6.78,6.68,6.73,True,碧水源,False
2022-01-27,127.207,127.384,123.672,124.732,261937.0,172616483.0,6.73,6.74,6.53,6.59,True,碧水源,False
2022-01-28,125.793,125.97,124.025,124.732,180560.0,118989040.0,6.65,6.66,6.55,6.59,True,碧水源,False
2022-02-07,126.324,127.031,125.793,126.677,177699.0,119058330.0,6.68,6.72,6.65,6.7,True,碧水源,False
2022-02-08,126.677,129.683,126.5,129.329,228335.0,156409475.0,6.7,6.87,6.69,6.85,True,碧水源,False
2022-02-09,129.329,130.39,128.799,130.213,197352.0,136172880.0,6.85,6.91,6.82,6.9,True,碧水源,False
2022-02-10,131.804,133.041,130.213,131.097,303003.0,210587085.0,6.99,7.06,6.9,6.95,True,碧水源,False
2022-02-11,129.683,135.163,129.329,132.865,573420.0,404261100.0,6.87,7.18,6.85,7.05,True,碧水源,False
2022-02-14,131.45,131.45,129.329,129.859,295919.0,203592272.0,6.97,6.97,6.85,6.88,True,碧水源,False
2022-02-15,130.213,130.213,128.445,128.975,177353.0,121132099.0,6.9,6.9,6.8,6.83,True,碧水源,False
2022-02-16,129.329,130.213,128.975,130.036,198489.0,136758921.0,6.85,6.9,6.83,6.89,True,碧水源,False
2022-02-17,130.036,132.865,130.036,131.274,398450.0,277321200.0,6.89,7.05,6.89,6.96,True,碧水源,False
2022-02-18,130.213,133.925,129.683,132.511,294897.0,207312591.0,6.9,7.11,6.87,7.03,True,碧水源,False
2022-02-21,132.688,132.688,131.097,131.804,198259.0,138583041.0,7.04,7.04,6.95,6.99,True,碧水源,False
2022-02-22,131.097,131.627,128.975,129.683,278009.0,190992183.0,6.95,6.98,6.83,6.87,True,碧水源,False
2022-02-23,130.036,131.274,129.152,130.39,211017.0,145812747.0,6.89,6.96,6.84,6.91,True,碧水源,False
2022-02-24,129.683,130.213,124.732,125.616,435715.0,289314760.0,6.87,6.9,6.59,6.64,True,碧水源,False
2022-02-25,127.384,127.384,125.616,126.147,227955.0,152045985.0,6.74,6.74,6.64,6.67,True,碧水源,False
2022-02-28,126.147,126.5,124.732,126.324,204717.0,136750956.0,6.67,6.69,6.59,6.68,True,碧水源,False
2022-03-01,126.147,127.031,125.793,126.5,168655.0,112830195.0,6.67,6.72,6.65,6.69,True,碧水源,False
2022-03-02,126.324,127.384,125.97,126.324,204784.0,136795712.0,6.68,6.74,6.66,6.68,True,碧水源,False
2022-03-03,126.147,127.031,125.616,126.677,245469.0,164464230.0,6.67,6.72,6.64,6.7,True,碧水源,False
2022-03-04,126.5,126.677,124.202,124.732,263675.0,173761825.0,6.69,6.7,6.56,6.59,True,碧水源,False
2022-03-07,124.025,124.732,121.02,121.55,310019.0,198722179.0,6.55,6.59,6.38,6.41,True,碧水源,False
2022-03-08,121.374,121.55,116.954,117.484,338815.0,209387670.0,6.4,6.41,6.15,6.18,True,碧水源,False
2022-03-09,117.661,118.191,111.297,114.479,412996.0,248210596.0,6.19,6.22,5.83,6.01,True,碧水源,False
2022-03-10,116.6,117.484,115.186,115.54,295235.0,179207645.0,6.13,6.18,6.05,6.07,True,碧水源,False
2022-03-11,114.479,116.777,112.534,116.423,212714.0,130180968.0,6.01,6.14,5.9,6.12,True,碧水源,False
2022-03-14,116.07,116.777,113.948,114.302,181621.0,108972600.0,6.1,6.14,5.98,6.0,True,碧水源,False
2022-03-15,113.418,113.595,108.114,108.645,355545.0,201949560.0,5.95,5.96,5.65,5.68,True,碧水源,False
2022-03-16,110.766,111.65,106.7,111.297,318669.0,185784027.0,5.8,5.85,5.57,5.83,True,碧水源,False
2022-03-17,112.534,113.241,111.65,112.004,254711.0,149515357.0,5.9,5.94,5.85,5.87,True,碧水源,False
2022-03-18,111.65,113.948,111.297,112.888,232204.0,137464768.0,5.85,5.98,5.83,5.92,True,碧水源,False
2022-03-21,112.888,114.302,110.943,113.418,328043.0,195185585.0,5.92,6.0,5.81,5.95,True,碧水源,False
2022-03-22,113.241,113.772,112.181,113.065,184119.0,109182567.0,5.94,5.97,5.88,5.93,True,碧水源,False
2022-03-23,113.065,113.418,112.004,112.711,171563.0,101393733.0,5.93,5.95,5.87,5.91,True,碧水源,False
2022-03-24,112.004,112.357,111.297,111.65,167300.0,97870500.0,5.87,5.89,5.83,5.85,True,碧水源,False
2022-03-25,111.297,112.711,111.297,111.473,143242.0,83653328.0,5.83,5.91,5.83,5.84,True,碧水源,False
2022-03-28,111.12,112.004,109.529,111.65,169858.0,99366930.0,5.82,5.87,5.73,5.85,True,碧水源,False
2022-03-29,111.65,112.534,110.943,111.12,132015.0,76832730.0,5.85,5.9,5.81,5.82,True,碧水源,False
2022-03-30,111.65,112.711,111.12,112.711,153118.0,90492738.0,5.85,5.91,5.82,5.91,True,碧水源,False
2022-03-31,112.534,114.832,112.357,114.302,263420.0,158052000.0,5.9,6.03,5.89,6.0,True,碧水源,False
2022-04-01,113.595,113.948,112.357,113.772,159290.0,95096130.0,5.96,5.98,5.89,5.97,True,碧水源,False
2022-04-06,113.418,115.893,113.065,115.716,222466.0,135259328.0,5.95,6.09,5.93,6.08,True,碧水源,False
2022-04-07,115.186,115.54,113.418,113.595,173605.0,103468580.0,6.05,6.07,5.95,5.96,True,碧水源,False
2022-04-08,108.822,111.473,107.584,111.12,347000.0,201954000.0,5.69,5.84,5.62,5.82,True,碧水源,False
2022-04-11,110.413,111.827,108.645,109.175,213398.0,121850258.0,5.78,5.86,5.68,5.71,True,碧水源,False
2022-04-12,108.645,109.175,103.695,106.523,424817.0,236198252.0,5.68,5.71,5.4,5.56,True,碧水源,False
2022-04-13,106.347,106.347,103.518,103.695,245357.0,132492780.0,5.55,5.55,5.39,5.4,True,碧水源,False
2022-04-14,104.048,105.109,103.872,104.225,151478.0,82252554.0,5.42,5.48,5.41,5.43,True,碧水源,False
2022-04-15,103.695,104.579,101.75,101.927,201484.0,106786520.0,5.4,5.45,5.29,5.3,True,碧水源,False
2022-04-18,101.397,101.573,99.098,100.689,269473.0,140934379.0,5.27,5.28,5.14,5.23,True,碧水源,False
2022-04-19,99.982,101.22,99.629,100.336,209924.0,109370404.0,5.19,5.26,5.17,5.21,True,碧水源,False
2022-04-20,100.336,101.22,98.391,98.922,274691.0,140916483.0,5.21,5.26,5.1,5.13,True,碧水源,False
2022-04-21,98.568,99.275,95.739,96.27,300415.0,149606670.0,5.11,5.15,4.95,4.98,True,碧水源,False
2022-04-22,95.739,97.684,94.502,96.8,253179.0,126842679.0,4.95,5.06,4.88,5.01,True,碧水源,False
2022-04-25,95.386,95.916,89.729,90.082,391324.0,181183012.0,4.93,4.96,4.61,4.63,True,碧水源,False
2022-04-26,90.613,92.204,88.138,88.845,325810.0,148569360.0,4.66,4.75,4.52,4.56,True,碧水源,False
2022-04-27,88.668,90.259,86.546,89.729,435830.0,200917630.0,4.55,4.64,4.43,4.61,True,碧水源,False
2022-04-28,89.021,92.027,87.961,89.375,347304.0,159412536.0,4.57,4.74,4.51,4.59,True,碧水源,False
2022-04-29,89.375,91.85,88.845,91.143,598602.0,280744338.0,4.59,4.73,4.56,4.69,True,碧水源,False
2022-05-05,91.143,91.32,89.198,90.082,620454.0,287270202.0,4.69,4.7,4.58,4.63,True,碧水源,False
2022-05-06,87.784,87.961,86.723,87.607,389574.0,174918726.0,4.5,4.51,4.44,4.49,True,碧水源,False
2022-05-09,87.784,91.143,87.607,90.789,447880.0,209159960.0,4.5,4.69,4.49,4.67,True,碧水源,False
2022-05-10,89.552,94.679,88.314,93.441,622976.0,300274432.0,4.6,4.89,4.53,4.82,True,碧水源,False
2022-05-11,93.441,94.502,91.85,92.204,558214.0,265151650.0,4.82,4.88,4.73,4.75,True,碧水源,False
2022-05-12,91.496,94.855,91.496,93.441,403146.0,194316372.0,4.71,4.9,4.71,4.82,True,碧水源,False
2022-05-13,93.618,94.148,92.38,93.264,307426.0,147871906.0,4.83,4.86,4.76,4.81,True,碧水源,False
2022-05-16,93.264,93.795,92.027,92.38,247106.0,117622456.0,4.81,4.84,4.74,4.76,True,碧水源,False
2022-05-17,92.734,92.734,90.082,91.673,279114.0,131741808.0,4.78,4.78,4.63,4.72,True,碧水源,False
2022-05-18,91.85,95.386,91.673,93.088,371857.0,178491360.0,4.73,4.93,4.72,4.8,True,碧水源,False
2022-05-19,91.496,93.088,90.966,93.088,248766.0,119407680.0,4.71,4.8,4.68,4.8,True,碧水源,False
2022-05-20,93.441,94.148,93.088,93.795,268609.0,130006756.0,4.82,4.86,4.8,4.84,True,碧水源,False
2022-05-23,93.795,95.032,93.264,94.679,271478.0,132752742.0,4.84,4.91,4.81,4.89,True,碧水源,False
2022-05-24,94.679,94.855,90.436,90.613,353185.0,164584210.0,4.89,4.9,4.65,4.66,True,碧水源,False
2022-05-25,90.436,92.911,90.436,92.557,245675.0,117186975.0,4.65,4.79,4.65,4.77,True,碧水源,False
2022-05-26,93.795,93.971,92.027,93.441,269616.0,129954912.0,4.84,4.85,4.74,4.82,True,碧水源,False
2022-05-27,93.901,95.492,92.84,93.901,292620.0,141042840.0,4.82,4.91,4.76,4.82,True,碧水源,False
2022-05-30,94.431,94.608,93.37,94.431,234791.0,113873635.0,4.85,4.86,4.79,4.85,True,碧水源,False
2022-05-31,94.431,95.138,93.901,94.961,275017.0,134208296.0,4.85,4.89,4.82,4.88,True,碧水源,False
2022-06-01,94.608,95.845,93.547,94.431,358562.0,173902570.0,4.86,4.93,4.8,4.85,True,碧水源,False
2022-06-02,94.254,94.608,93.37,94.431,222401.0,107864485.0,4.84,4.86,4.79,4.85,True,碧水源,False
2022-06-06,94.608,96.022,94.254,95.492,392509.0,192721919.0,4.86,4.94,4.84,4.91,True,碧水源,False
2022-06-07,95.492,95.845,93.547,94.254,449397.0,217508148.0,4.91,4.93,4.8,4.84,True,碧水源,False
2022-06-08,94.431,94.785,93.017,94.254,350671.0,169724764.0,4.85,4.87,4.77,4.84,True,碧水源,False
2022-06-09,94.431,94.785,92.84,93.194,366816.0,175338048.0,4.85,4.87,4.76,4.78,True,碧水源,False
2022-06-10,92.84,94.608,92.486,94.254,388318.0,187945912.0,4.76,4.86,4.74,4.84,True,碧水源,False
2022-06-13,94.254,95.845,93.547,95.669,506787.0,249339204.0,4.84,4.93,4.8,4.92,True,碧水源,False
2022-06-14,94.608,95.492,92.31,95.138,444706.0,217461234.0,4.86,4.91,4.73,4.89,True,碧水源,False
2022-06-15,95.138,96.906,94.608,95.669,575533.0,283162236.0,4.89,4.99,4.86,4.92,True,碧水源,False
2022-06-16,95.845,97.613,95.315,96.376,489798.0,242939808.0,4.93,5.03,4.9,4.96,True,碧水源,False
2022-06-17,95.845,97.083,95.138,96.553,354443.0,176158171.0,4.93,5.0,4.89,4.97,True,碧水源,False
2022-06-20,96.376,96.729,95.492,95.845,303923.0,149834039.0,4.96,4.98,4.91,4.93,True,碧水源,False
2022-06-21,95.669,96.376,94.785,95.669,274160.0,134886720.0,4.92,4.96,4.87,4.92,True,碧水源,False
2022-06-22,95.669,95.669,93.724,93.724,267426.0,128631906.0,4.92,4.92,4.81,4.81,True,碧水源,False
2022-06-23,93.724,94.785,93.194,94.785,237340.0,115584580.0,4.81,4.87,4.78,4.87,True,碧水源,False
2022-06-24,95.315,95.492,94.608,95.315,218034.0,106836660.0,4.9,4.91,4.86,4.9,True,碧水源,False
2022-06-27,95.845,97.967,95.669,97.437,504922.0,253470844.0,4.93,5.05,4.92,5.02,True,碧水源,False
2022-06-28,97.437,98.144,96.729,97.967,335449.0,169401745.0,5.02,5.06,4.98,5.05,True,碧水源,False
2022-06-29,98.851,106.276,98.851,101.679,1201917.0,632208342.0,5.1,5.52,5.1,5.26,True,碧水源,False
2022-06-30,100.442,101.856,99.558,100.795,522375.0,272157375.0,5.19,5.27,5.14,5.21,True,碧水源,False
2022-07-01,100.972,103.447,100.795,101.679,503543.0,264863618.0,5.22,5.36,5.21,5.26,True,碧水源,False
2022-07-04,101.149,101.503,99.558,100.265,355032.0,183906576.0,5.23,5.25,5.14,5.18,True,碧水源,False
2022-07-05,100.795,100.795,97.967,98.674,390653.0,198842377.0,5.21,5.21,5.05,5.09,True,碧水源,False
2022-07-06,99.028,99.204,96.376,97.613,285594.0,143653782.0,5.11,5.12,4.96,5.03,True,碧水源,False
2022-07-07,97.083,98.144,97.083,97.613,210633.0,105948399.0,5.0,5.06,5.0,5.03,True,碧水源,False
2022-07-08,97.79,98.144,96.906,97.083,200191.0,100095500.0,5.04,5.06,4.99,5.0,True,碧水源,False
2022-07-11,97.613,97.79,96.199,96.906,193574.0,96593426.0,5.03,5.04,4.95,4.99,True,碧水源,False
2022-07-12,96.906,99.735,96.376,97.613,328791.0,165381873.0,4.99,5.15,4.96,5.03,True,碧水源,False
2022-07-13,97.967,99.381,97.26,98.144,381706.0,193143236.0,5.05,5.13,5.01,5.06,True,碧水源,False
2022-07-14,98.497,98.497,96.553,96.729,267859.0,133393782.0,5.08,5.08,4.97,4.98,True,碧水源,False
2022-07-15,96.553,97.967,94.785,95.315,370290.0,181442100.0,4.97,5.05,4.87,4.9,True,碧水源,False
2022-07-18,95.669,100.972,95.669,98.851,753964.0,384521640.0,4.92,5.22,4.92,5.1,True,碧水源,False
2022-07-19,98.674,99.028,97.613,98.497,311446.0,158214568.0,5.09,5.11,5.03,5.08,True,碧水源,False
2022-07-20,98.32,98.674,97.26,98.497,314832.0,159934656.0,5.07,5.09,5.01,5.08,True,碧水源,False
2022-07-21,98.32,98.674,97.26,97.26,278620.0,139588620.0,5.07,5.09,5.01,5.01,True,碧水源,False
2022-07-22,97.437,100.619,97.437,99.204,645679.0,330587648.0,5.02,5.2,5.02,5.12,True,碧水源,False
2022-07-27,109.458,113.701,106.276,108.221,1501405.0,845291015.0,5.7,5.94,5.52,5.63,True,碧水源,False
2022-07-28,108.044,108.751,105.746,105.922,948675.0,521771250.0,5.62,5.66,5.49,5.5,True,碧水源,False
2022-07-29,106.453,107.16,106.099,106.983,491661.0,273363516.0,5.53,5.57,5.51,5.56,True,碧水源,False
2022-08-01,106.806,106.983,105.392,105.922,382119.0,210165450.0,5.55,5.56,5.47,5.5,True,碧水源,False
2022-08-02,105.569,105.746,102.917,103.624,649657.0,348865809.0,5.48,5.49,5.33,5.37,True,碧水源,False
2022-08-03,103.978,105.038,103.27,103.447,365923.0,196134728.0,5.39,5.45,5.35,5.36,True,碧水源,False
2022-08-04,104.331,106.276,103.801,105.922,468733.0,257803150.0,5.41,5.52,5.38,5.5,True,碧水源,False
2022-08-05,105.922,106.629,105.215,106.629,278699.0,154399246.0,5.5,5.54,5.46,5.54,True,碧水源,False
2022-08-08,106.453,106.806,105.392,105.569,382720.0,209730560.00000003,5.53,5.55,5.47,5.48,True,碧水源,False
2022-08-09,105.746,106.099,105.569,106.099,167023.0,92029673.0,5.49,5.51,5.48,5.51,True,碧水源,False
2022-08-10,106.983,107.513,106.099,106.806,363840.0,201931200.0,5.56,5.59,5.51,5.55,True,碧水源,False
2022-08-11,106.983,107.16,106.629,106.983,204173.0,113520188.0,5.56,5.57,5.54,5.56,True,碧水源,False
2022-08-12,106.276,106.629,105.746,105.922,288912.0,158901600.0,5.52,5.54,5.49,5.5,True,碧水源,False
2022-08-15,105.922,106.099,105.038,105.215,230264.0,125724144.0,5.5,5.51,5.45,5.46,True,碧水源,False
2022-08-16,105.215,105.922,105.215,105.746,144749.0,79467201.0,5.46,5.5,5.46,5.49,True,碧水源,False
2022-08-17,106.099,106.276,105.746,106.099,123718.0,68168618.0,5.51,5.52,5.49,5.51,True,碧水源,False
2022-08-18,106.099,106.276,105.746,105.922,164003.0,90201650.0,5.51,5.52,5.49,5.5,True,碧水源,False
2022-08-19,105.922,107.513,105.746,107.337,330384.0,184354272.0,5.5,5.59,5.49,5.58,True,碧水源,False
2022-08-22,107.337,107.513,106.453,106.806,198345.0,110081475.0,5.58,5.59,5.53,5.55,True,碧水源,False
2022-08-23,106.629,106.983,106.453,106.983,154175.0,85721300.0,5.54,5.56,5.53,5.56,True,碧水源,False
2022-08-24,108.044,109.281,106.983,107.337,509765.0,284448870.0,5.62,5.69,5.56,5.58,True,碧水源,False
2022-08-25,107.337,107.69,106.453,106.983,296692.0,164960752.0,5.58,5.6,5.53,5.56,True,碧水源,False
2022-08-26,106.099,106.629,105.922,106.276,263354.0,145371408.0,5.51,5.54,5.5,5.52,True,碧水源,False
2022-08-29,106.099,106.629,105.569,106.629,175692.0,97333368.0,5.51,5.54,5.48,5.54,True,碧水源,False
2022-08-30,106.629,107.337,106.276,106.806,140860.0,78177300.0,5.54,5.58,5.52,5.55,True,碧水源,False
2022-08-31,106.629,106.806,105.746,106.099,254019.0,139964469.0,5.54,5.55,5.49,5.51,True,碧水源,False
2022-09-01,106.099,106.276,105.746,106.099,145602.0,80226702.0,5.51,5.52,5.49,5.51,True,碧水源,False
2022-09-02,106.099,106.806,105.922,106.453,192132.0,106248996.0,5.51,5.55,5.5,5.53,True,碧水源,False
2022-09-05,106.453,107.69,106.453,107.69,290050.0,162428000.0,5.53,5.6,5.53,5.6,True,碧水源,False
2022-09-06,107.867,108.221,107.337,108.221,173188.0,97504844.0,5.61,5.63,5.58,5.63,True,碧水源,False
2022-09-07,108.574,109.988,108.397,109.988,534442.0,306235266.0,5.65,5.73,5.64,5.73,True,碧水源,False
2022-09-08,109.458,110.872,109.458,110.342,453249.0,260618175.0,5.7,5.78,5.7,5.75,True,碧水源,False
2022-09-09,110.519,111.403,110.342,110.872,530631.0,306704718.0,5.76,5.81,5.75,5.78,True,碧水源,False
2022-09-16,104.154,105.038,100.265,100.265,868829.0,450053422.0,5.4,5.45,5.18,5.18,True,碧水源,False
2022-09-19,100.265,100.442,96.553,96.729,330087.0,164383326.0,5.18,5.19,4.97,4.98,True,碧水源,False
2022-09-20,97.083,98.144,95.669,96.553,174513.0,86732961.0,5.0,5.06,4.92,4.97,True,碧水源,False
2022-09-21,96.376,97.613,94.431,97.26,163146.0,81736146.0,4.96,5.03,4.85,5.01,True,碧水源,False
2022-09-22,96.906,97.083,96.022,96.376,113563.0,56327248.0,4.99,5.0,4.94,4.96,True,碧水源,False
2022-09-23,95.845,96.553,94.078,94.961,145096.0,70806848.0,4.93,4.97,4.83,4.88,True,碧水源,False
2022-09-26,95.492,95.669,94.078,94.608,137851.0,66995586.00000001,4.91,4.92,4.83,4.86,True,碧水源,False
2022-09-27,94.431,96.376,94.431,96.199,111746.0,55314270.0,4.85,4.96,4.85,4.95,True,碧水源,False
2022-09-28,96.199,96.199,94.078,94.078,109148.0,52718484.0,4.95,4.95,4.83,4.83,True,碧水源,False
2022-09-29,95.138,95.315,92.133,92.133,156008.0,73635776.0,4.89,4.9,4.72,4.72,True,碧水源,False
2022-09-30,92.486,93.017,91.603,92.133,115706.0,54613232.0,4.74,4.77,4.69,4.72,True,碧水源,False
2022-10-10,91.956,93.37,91.249,91.603,109831.0,51510739.00000001,4.71,4.79,4.67,4.69,True,碧水源,False
2022-10-11,91.779,92.663,90.895,91.426,134266.0,62836487.99999999,4.7,4.75,4.65,4.68,True,碧水源,False
2022-10-12,91.426,92.663,89.835,92.663,175050.0,83148750.0,4.68,4.75,4.59,4.75,True,碧水源,False
2022-10-13,92.31,93.194,91.779,92.84,110867.0,52772692.0,4.73,4.78,4.7,4.76,True,碧水源,False
2022-10-14,93.194,94.431,92.84,93.901,120573.0,58116186.0,4.78,4.85,4.76,4.82,True,碧水源,False
2022-10-17,94.078,94.608,93.194,94.431,210825.0,102250125.0,4.83,4.86,4.78,4.85,True,碧水源,False
2022-10-18,94.608,94.785,93.547,93.901,124356.0,59939592.0,4.86,4.87,4.8,4.82,True,碧水源,False
2022-10-19,93.901,93.901,92.486,92.486,123637.0,58603938.0,4.82,4.82,4.74,4.74,True,碧水源,False
2022-10-20,92.31,92.84,91.072,91.779,135714.0,63785580.0,4.73,4.76,4.66,4.7,True,碧水源,False
2022-10-21,91.779,92.486,91.072,91.249,111991.0,52299797.0,4.7,4.74,4.66,4.67,True,碧水源,False
2022-10-24,91.249,92.663,89.481,90.011,161670.0,74368200.0,4.67,4.75,4.57,4.6,True,碧水源,False
2022-10-25,92.663,97.083,92.486,95.492,606220.0,297654020.0,4.75,5.0,4.74,4.91,True,碧水源,False
2022-10-26,94.961,97.083,94.431,95.845,285101.0,140554793.0,4.88,5.0,4.85,4.93,True,碧水源,False
2022-10-27,95.492,96.553,95.315,95.669,151401.0,74489292.0,4.91,4.97,4.9,4.92,True,碧水源,False
2022-10-28,95.315,95.492,91.956,92.31,206755.0,97795115.0,4.9,4.91,4.71,4.73,True,碧水源,False
2022-10-31,91.779,93.017,91.249,91.956,198146.0,93326766.0,4.7,4.77,4.67,4.71,True,碧水源,False
2022-11-01,92.663,95.138,91.956,94.961,252953.0,123441064.0,4.75,4.89,4.71,4.88,True,碧水源,False
2022-11-02,94.785,95.669,94.254,95.492,175675.0,86256425.0,4.87,4.92,4.84,4.91,True,碧水源,False
2022-11-03,95.138,95.845,94.431,95.315,122896.0,60219040.00000001,4.89,4.93,4.85,4.9,True,碧水源,False
2022-11-04,95.492,98.144,95.315,97.79,269567.0,135861768.0,4.91,5.06,4.9,5.04,True,碧水源,False
2022-11-07,97.437,99.204,97.083,97.967,201653.0,101834765.0,5.02,5.12,5.0,5.05,True,碧水源,False
2022-11-08,97.967,98.32,97.26,98.144,126224.0,63869343.99999999,5.05,5.07,5.01,5.06,True,碧水源,False
2022-11-09,97.79,98.851,97.613,97.79,105956.0,53401824.0,5.04,5.1,5.03,5.04,True,碧水源,False
2022-11-10,97.437,99.558,97.083,99.028,212669.0,108673859.0,5.02,5.14,5.0,5.11,True,碧水源,False
2022-11-11,100.442,101.679,99.204,99.381,216502.0,111065526.0,5.19,5.26,5.12,5.13,True,碧水源,False
2022-11-14,99.381,100.088,98.851,99.204,140135.0,71749120.0,5.13,5.17,5.1,5.12,True,碧水源,False
2022-11-15,98.851,99.912,98.674,99.381,167818.0,86090634.0,5.1,5.16,5.09,5.13,True,碧水源,False
2022-11-16,99.558,99.912,98.674,98.851,122116.0,62279159.99999999,5.14,5.16,5.09,5.1,True,碧水源,False
2022-11-17,98.674,99.558,97.967,99.028,128451.0,65638461.00000001,5.09,5.14,5.05,5.11,True,碧水源,False
2022-11-18,99.204,99.558,98.497,99.028,125649.0,64206639.00000001,5.12,5.14,5.08,5.11,True,碧水源,False
2022-11-21,99.028,99.028,97.437,98.144,121661.0,61560465.99999999,5.11,5.11,5.02,5.06,True,碧水源,False
2022-11-22,98.144,99.912,97.967,98.674,177116.0,90152044.0,5.06,5.16,5.05,5.09,True,碧水源,False
2022-11-23,99.204,100.795,98.497,100.088,252534.0,130560078.0,5.12,5.21,5.08,5.17,True,碧水源,False
2022-11-24,100.088,100.795,98.497,98.851,167325.0,85335750.0,5.17,5.21,5.08,5.1,True,碧水源,False
2022-11-25,98.851,99.912,98.851,99.381,115871.0,59441823.0,5.1,5.16,5.1,5.13,True,碧水源,False
2022-11-28,97.967,98.674,94.078,98.32,330196.0,167409372.0,5.05,5.09,4.83,5.07,True,碧水源,False
2022-11-29,98.851,99.735,97.967,99.735,207813.0,107023695.0,5.1,5.15,5.05,5.15,True,碧水源,False
2022-11-30,100.088,100.088,98.497,98.851,160042.0,81621420.0,5.17,5.17,5.08,5.1,True,碧水源,False
2022-12-01,99.028,99.558,98.851,99.028,155637.0,79530507.0,5.11,5.14,5.1,5.11,True,碧水源,False
2022-12-02,98.674,99.204,98.32,98.851,140364.0,71585640.0,5.09,5.12,5.07,5.1,True,碧水源,False
2022-12-05,99.381,100.619,98.851,100.088,255624.0,132157608.0,5.13,5.2,5.1,5.17,True,碧水源,False
2022-12-06,99.912,100.442,99.204,99.558,159664.0,82067296.0,5.16,5.19,5.12,5.14,True,碧水源,False
2022-12-07,99.558,99.735,97.79,97.967,224707.0,113477035.0,5.14,5.15,5.04,5.05,True,碧水源,False
2022-12-08,97.967,98.32,97.083,97.26,149108.0,74703108.0,5.05,5.07,5.0,5.01,True,碧水源,False
2022-12-09,96.729,98.144,96.729,97.967,214527.0,108336135.0,4.98,5.06,4.98,5.05,True,碧水源,False
2022-12-12,97.26,98.32,96.199,96.376,193500.0,95976000.0,5.01,5.07,4.95,4.96,True,碧水源,False
2022-12-13,96.199,96.906,96.199,96.729,97074.0,48342852.00000001,4.95,4.99,4.95,4.98,True,碧水源,False
2022-12-14,96.729,96.729,95.138,95.492,123978.0,60873198.0,4.98,4.98,4.89,4.91,True,碧水源,False
2022-12-15,95.315,96.022,95.138,95.845,93575.0,46132475.0,4.9,4.94,4.89,4.93,True,碧水源,False
2022-12-16,95.845,96.376,94.961,96.376,122237.0,60629552.0,4.93,4.96,4.88,4.96,True,碧水源,False
2022-12-19,96.199,96.906,92.663,93.547,192086.0,92201280.0,4.95,4.99,4.75,4.8,True,碧水源,False
2022-12-20,93.547,94.608,92.84,94.254,98215.0,47536060.0,4.8,4.86,4.76,4.84,True,碧水源,False
2022-12-21,94.608,94.608,93.194,93.37,70897.0,33959663.0,4.86,4.86,4.78,4.79,True,碧水源,False
2022-12-22,93.547,94.254,91.779,92.31,90429.0,42772917.00000001,4.8,4.84,4.7,4.73,True,碧水源,False
2022-12-23,92.133,93.37,91.956,92.84,66048.0,31438848.0,4.72,4.79,4.71,4.76,True,碧水源,False
2022-12-26,93.017,93.547,92.31,93.017,101685.0,48503744.99999999,4.77,4.8,4.73,4.77,True,碧水源,False
2022-12-27,93.017,94.254,92.663,93.194,93094.0,44498932.0,4.77,4.84,4.75,4.78,True,碧水源,False
2022-12-28,93.37,93.547,91.956,92.133,76134.0,35935248.0,4.79,4.8,4.71,4.72,True,碧水源,False
2022-12-29,92.133,92.133,91.249,91.426,100294.0,46937592.0,4.72,4.72,4.67,4.68,True,碧水源,False
2022-12-30,91.779,92.486,91.426,92.31,73949.0,34977877.0,4.7,4.74,4.68,4.73,True,碧水源,False
2023-01-03,92.31,94.608,92.133,94.078,162254.0,78368682.0,4.73,4.86,4.72,4.83,True,碧水源,False
2023-01-04,94.078,94.431,93.017,93.547,231208.0,110979840.0,4.83,4.85,4.77,4.8,True,碧水源,False
2023-01-05,93.724,93.724,92.663,93.37,198253.0,94963187.0,4.81,4.81,4.75,4.79,True,碧水源,False
2023-01-06,93.194,93.724,92.84,93.017,107498.0,51276545.99999999,4.78,4.81,4.76,4.77,True,碧水源,False
2023-01-09,93.194,93.37,92.486,92.663,132796.0,63078100.0,4.78,4.79,4.74,4.75,True,碧水源,False
2023-01-10,92.84,92.84,92.133,92.486,101665.0,48189210.0,4.76,4.76,4.72,4.74,True,碧水源,False
2023-01-11,92.486,92.663,91.072,91.249,240190.0,112168730.0,4.74,4.75,4.66,4.67,True,碧水源,False
2023-01-12,91.072,91.426,90.542,91.249,113921.0,53201107.0,4.66,4.68,4.63,4.67,True,碧水源,False
2023-01-13,91.249,92.133,91.072,91.956,129330.0,60914430.0,4.67,4.72,4.66,4.71,True,碧水源,False
2023-01-16,91.956,93.017,91.956,92.663,137718.0,65416050.0,4.71,4.77,4.71,4.75,True,碧水源,False
2023-01-17,92.663,92.84,91.956,92.31,84897.0,40156281.0,4.75,4.76,4.71,4.73,True,碧水源,False
2023-01-18,92.486,93.017,92.133,92.84,131064.0,62386464.0,4.74,4.77,4.72,4.76,True,碧水源,False
2023-01-19,92.84,93.37,92.486,93.194,138682.0,66289996.0,4.76,4.79,4.74,4.78,True,碧水源,False
2023-01-20,93.547,93.901,93.194,93.547,172761.0,82925280.0,4.8,4.82,4.78,4.8,True,碧水源,False
2023-01-30,94.254,95.315,94.078,94.608,235432.0,114419952.0,4.84,4.9,4.83,4.86,True,碧水源,False
2023-01-31,94.961,95.492,94.254,95.315,161211.0,78993390.0,4.88,4.91,4.84,4.9,True,碧水源,False
2023-02-01,95.492,96.199,94.961,96.022,207316.0,102414104.0,4.91,4.95,4.88,4.94,True,碧水源,False
2023-02-02,96.199,97.26,95.669,96.376,254849.0,126405104.0,4.95,5.01,4.92,4.96,True,碧水源,False
2023-02-03,96.376,96.906,95.315,96.729,240069.0,119554362.0,4.96,4.99,4.9,4.98,True,碧水源,False
2023-02-06,96.906,97.437,96.022,96.376,226896.0,112540416.0,4.99,5.02,4.94,4.96,True,碧水源,False
2023-02-07,96.729,97.613,96.376,96.906,394584.0,196897416.0,4.98,5.03,4.96,4.99,True,碧水源,False
2023-02-08,96.729,96.906,95.492,95.669,205748.0,101228016.0,4.98,4.99,4.91,4.92,True,碧水源,False
2023-02-09,95.669,96.553,95.492,96.376,173484.0,86048064.0,4.92,4.97,4.91,4.96,True,碧水源,False
2023-02-10,96.199,98.32,96.022,97.437,253781.0,127398062.0,4.95,5.07,4.94,5.02,True,碧水源,False
2023-02-13,97.083,98.144,96.906,97.967,231455.0,116884775.0,5.0,5.06,4.99,5.05,True,碧水源,False
2023-02-14,98.32,98.32,97.26,97.437,159467.0,80052434.0,5.07,5.07,5.01,5.02,True,碧水源,False
2023-02-15,97.613,97.967,96.906,97.79,195453.0,98508312.0,5.03,5.05,4.99,5.04,True,碧水源,False
2023-02-16,97.967,98.674,95.845,96.553,327739.0,162886283.0,5.05,5.09,4.93,4.97,True,碧水源,False
2023-02-17,96.376,101.856,96.376,99.204,687266.0,351880192.0,4.96,5.27,4.96,5.12,True,碧水源,False
2023-02-20,99.204,99.912,97.79,98.851,363195.0,185229450.0,5.12,5.16,5.04,5.1,True,碧水源,False
2023-02-21,98.674,99.204,97.79,98.674,232362.0,118272258.0,5.09,5.12,5.04,5.09,True,碧水源,False
2023-02-22,98.674,99.381,98.144,98.851,186477.0,95103270.0,5.09,5.13,5.06,5.1,True,碧水源,False
2023-02-23,99.028,99.204,97.613,98.32,170073.0,86227011.0,5.11,5.12,5.03,5.07,True,碧水源,False
2023-02-24,98.674,98.851,97.967,97.967,143494.0,72464470.0,5.09,5.1,5.05,5.05,True,碧水源,False
2023-02-27,97.967,98.674,97.083,97.613,171926.0,86478778.0,5.05,5.09,5.0,5.03,True,碧水源,False
2023-02-28,97.437,97.79,96.553,97.437,377801.0,189656102.0,5.02,5.04,4.97,5.02,True,碧水源,False
2023-03-01,97.613,97.967,96.906,97.79,217077.0,109406808.0,5.03,5.05,4.99,5.04,True,碧水源,False
2023-03-02,97.79,99.028,97.613,98.32,212955.0,107968185.0,5.04,5.11,5.03,5.07,True,碧水源,False
2023-03-03,98.497,99.558,98.32,99.381,249021.0,127747773.0,5.08,5.14,5.07,5.13,True,碧水源,False
2023-03-06,99.735,100.265,99.204,99.381,281381.0,144348453.0,5.15,5.18,5.12,5.13,True,碧水源,False
2023-03-07,99.204,100.442,98.144,98.32,252014.0,127771098.0,5.12,5.19,5.06,5.07,True,碧水源,False
2023-03-08,97.967,98.674,97.79,98.674,148220.0,75443980.0,5.05,5.09,5.04,5.09,True,碧水源,False
2023-03-09,98.497,103.27,98.144,101.149,703454.0,367906442.00000006,5.08,5.35,5.06,5.23,True,碧水源,False
2023-03-10,100.265,101.679,98.851,99.028,457024.0,233539264.0,5.18,5.26,5.1,5.11,True,碧水源,False
2023-03-13,98.851,99.558,97.613,98.497,283143.0,143836644.0,5.1,5.14,5.03,5.08,True,碧水源,False
2023-03-14,98.674,101.149,98.144,99.204,375339.0,192173568.0,5.09,5.23,5.06,5.12,True,碧水源,False
2023-03-15,99.381,100.972,99.028,100.619,339214.0,176391280.0,5.13,5.22,5.11,5.2,True,碧水源,False
2023-03-16,100.088,101.326,99.735,100.088,298518.0,154333806.0,5.17,5.24,5.15,5.17,True,碧水源,False
2023-03-17,100.619,101.679,100.265,100.972,271501.0,141723522.0,5.2,5.26,5.18,5.22,True,碧水源,False
2023-03-20,102.21,102.563,99.558,99.735,294598.0,151717970.0,5.29,5.31,5.14,5.15,True,碧水源,False
2023-03-21,100.088,100.265,99.381,99.912,215306.0,111097896.0,5.17,5.18,5.13,5.16,True,碧水源,False
2023-03-22,100.265,100.265,99.204,100.088,223240.0,115415080.0,5.18,5.18,5.12,5.17,True,碧水源,False
2023-03-23,99.735,100.972,99.558,100.619,196067.0,101954840.0,5.15,5.22,5.14,5.2,True,碧水源,False
2023-03-24,100.442,100.972,99.558,99.735,191032.0,98381480.0,5.19,5.22,5.14,5.15,True,碧水源,False
2023-03-27,99.558,99.735,98.144,98.674,274988.0,139968892.0,5.14,5.15,5.06,5.09,True,碧水源,False
2023-03-28,98.674,99.204,97.437,97.613,214341.0,107813523.0,5.09,5.12,5.02,5.03,True,碧水源,False
2023-03-29,97.613,97.967,96.376,96.553,206720.0,102739840.0,5.03,5.05,4.96,4.97,True,碧水源,False
2023-03-30,96.729,96.729,95.315,95.845,184398.0,90908214.0,4.98,4.98,4.9,4.93,True,碧水源,False
2023-03-31,96.022,98.144,96.022,97.967,237802.0,120090010.0,4.94,5.06,4.94,5.05,True,碧水源,False
2023-04-03,97.967,103.978,97.613,102.387,708064.0,375273920.0,5.05,5.39,5.03,5.3,True,碧水源,False
2023-04-04,102.917,104.685,102.033,102.917,475624.0,253507592.0,5.33,5.43,5.28,5.33,True,碧水源,False
2023-04-06,103.447,103.801,101.326,102.74,267576.0,142350432.0,5.36,5.38,5.24,5.32,True,碧水源,False
2023-04-07,104.862,105.922,103.27,104.154,401774.0,216957960.0,5.44,5.5,5.35,5.4,True,碧水源,False
2023-04-10,103.624,105.215,103.27,103.801,273046.0,146898748.0,5.37,5.46,5.35,5.38,True,碧水源,False
2023-04-11,103.801,103.801,102.033,103.094,215203.0,114918402.0,5.38,5.38,5.28,5.34,True,碧水源,False
2023-04-12,103.624,104.508,102.917,104.154,206183.0,111338820.0,5.37,5.42,5.33,5.4,True,碧水源,False
2023-04-13,103.801,104.862,103.27,104.508,217722.0,118005324.0,5.38,5.44,5.35,5.42,True,碧水源,False
2023-04-14,104.331,104.685,103.27,103.447,210730.0,112951280.0,5.41,5.43,5.35,5.36,True,碧水源,False
2023-04-17,103.447,105.922,103.094,105.922,377005.0,207352750.0,5.36,5.5,5.34,5.5,True,碧水源,False
2023-04-18,105.922,106.099,104.508,105.038,233736.0,127386120.0,5.5,5.51,5.42,5.45,True,碧水源,False
2023-04-19,105.038,108.044,104.862,106.099,400642.0,220753742.0,5.45,5.62,5.44,5.51,True,碧水源,False
2023-04-20,105.215,106.099,104.154,105.922,259624.0,142793200.0,5.46,5.51,5.4,5.5,True,碧水源,False
2023-04-21,106.276,106.453,103.27,103.447,291998.0,156510928.0,5.52,5.53,5.35,5.36,True,碧水源,False
2023-04-24,103.978,107.69,103.447,105.922,349840.0,192412000.0,5.39,5.6,5.36,5.5,True,碧水源,False
2023-04-25,106.099,106.806,103.624,105.038,311860.0,169963700.0,5.51,5.55,5.37,5.45,True,碧水源,False
2023-04-26,104.331,106.629,103.624,106.276,307046.0,169489392.0,5.41,5.54,5.37,5.52,True,碧水源,False
2023-04-27,106.099,106.099,102.033,102.563,505014.0,268162434.0,5.51,5.51,5.28,5.31,True,碧水源,False
2023-04-28,103.447,105.746,102.74,105.392,433347.0,237040809.0,5.36,5.49,5.32,5.47,True,碧水源,False
2023-05-04,105.569,107.513,105.215,106.983,345376.0,192029056.0,5.48,5.59,5.46,5.56,True,碧水源,False
2023-05-05,106.983,108.397,106.099,107.867,385725.0,216391725.0,5.56,5.64,5.51,5.61,True,碧水源,False
2023-05-08,107.69,108.397,106.806,107.337,370167.0,206553186.0,5.6,5.64,5.55,5.58,True,碧水源,False
2023-05-09,110.165,124.485,110.165,120.596,1851935.0,1172274855.0,5.74,6.55,5.74,6.33,True,碧水源,False
2023-05-10,116.883,118.828,115.999,117.59,1061522.0,653897552.0,6.12,6.23,6.07,6.16,True,碧水源,False
2023-05-11,117.59,121.656,115.115,115.469,790650.0,477552600.0,6.16,6.39,6.02,6.04,True,碧水源,False
2023-05-12,115.646,116.176,111.756,111.756,689912.0,402218696.0,6.05,6.08,5.83,5.83,True,碧水源,False
2023-05-15,111.756,112.11,108.751,111.403,486995.0,282944095.0,5.83,5.85,5.66,5.81,True,碧水源,False
2023-05-16,111.403,112.463,109.458,110.696,404992.0,233680384.0,5.81,5.87,5.7,5.77,True,碧水源,False
2023-05-17,109.812,113.524,109.812,111.756,435700.0,254013100.0,5.72,5.93,5.72,5.83,True,碧水源,False
2023-05-18,111.756,111.933,110.165,110.519,323237.0,186184512.0,5.83,5.84,5.74,5.76,True,碧水源,False
2023-05-19,110.342,110.519,107.867,108.044,344417.0,193562354.0,5.75,5.76,5.61,5.62,True,碧水源,False
2023-05-22,107.69,108.928,107.337,107.337,230213.0,128458854.0,5.6,5.67,5.58,5.58,True,碧水源,False
2023-05-23,107.513,109.104,105.922,106.099,278841.0,153641391.0,5.59,5.68,5.5,5.51,True,碧水源,False
2023-05-24,105.569,106.099,104.154,104.508,280211.0,151874362.0,5.48,5.51,5.4,5.42,True,碧水源,False
2023-05-25,105.038,105.922,103.801,105.392,206565.0,112371360.0,5.42,5.47,5.35,5.44,True,碧水源,False
2023-05-26,107.16,109.812,107.16,107.867,362987.0,202546746.0,5.54,5.69,5.54,5.58,True,碧水源,False
2023-05-29,107.867,108.574,106.629,106.806,225606.0,124534512.0,5.58,5.62,5.51,5.52,True,碧水源,False
2023-05-30,106.629,108.928,106.276,108.928,225115.0,126964860.0,5.51,5.64,5.49,5.64,True,碧水源,False
2023-05-31,108.221,108.928,107.16,107.69,186403.0,103826471.0,5.6,5.64,5.54,5.57,True,碧水源,False
2023-06-01,108.397,109.104,107.16,108.221,204079.0,114284240.0,5.61,5.65,5.54,5.6,True,碧水源,False
2023-06-02,108.221,109.281,107.867,108.751,179143.0,100857509.0,5.6,5.66,5.58,5.63,True,碧水源,False
2023-06-05,109.104,110.696,108.574,110.519,223226.0,127908498.0,5.65,5.74,5.62,5.73,True,碧水源,False
2023-06-06,110.342,110.342,107.337,107.513,248126.0,137958056.0,5.72,5.72,5.55,5.56,True,碧水源,False
2023-06-07,107.337,110.696,106.629,108.928,300842.0,169674888.0,5.55,5.74,5.51,5.64,True,碧水源,False
2023-06-08,109.104,109.458,106.983,108.574,219003.0,123079686.0,5.65,5.67,5.53,5.62,True,碧水源,False
2023-06-09,108.574,110.519,108.221,109.458,292202.0,165678534.0,5.62,5.73,5.6,5.67,True,碧水源,False
2023-06-12,109.458,109.635,107.513,107.69,218507.0,121708399.0,5.67,5.68,5.56,5.57,True,碧水源,False
2023-06-13,107.867,108.221,107.16,107.867,158742.0,88578036.0,5.58,5.6,5.54,5.58,True,碧水源,False
2023-06-14,107.69,110.696,107.16,108.928,313145.0,176613780.0,5.57,5.74,5.54,5.64,True,碧水源,False
2023-06-15,108.397,108.928,107.513,108.221,198505.0,111162800.0,5.61,5.64,5.56,5.6,True,碧水源,False
2023-06-16,108.574,109.635,108.221,108.574,211248.0,118721376.0,5.62,5.68,5.6,5.62,True,碧水源,False
2023-06-19,107.513,107.69,103.978,104.154,500164.0,268588068.0,5.56,5.57,5.36,5.37,True,碧水源,False
2023-06-20,103.978,104.508,102.21,102.917,252770.0,133968100.0,5.36,5.39,5.26,5.3,True,碧水源,False
2023-06-21,102.563,103.801,102.563,102.917,151227.0,80150310.0,5.28,5.35,5.28,5.3,True,碧水源,False
2023-06-26,102.21,102.917,101.149,101.679,157638.0,82444674.0,5.26,5.3,5.2,5.23,True,碧水源,False
2023-06-27,102.033,103.447,101.679,103.094,119327.0,63362636.99999999,5.25,5.33,5.23,5.31,True,碧水源,False
2023-06-28,102.917,103.978,102.387,103.447,142093.0,75735569.0,5.3,5.36,5.27,5.33,True,碧水源,False
2023-06-29,103.094,103.801,102.917,103.094,108650.0,57693149.99999999,5.31,5.35,5.3,5.31,True,碧水源,False
2023-06-30,103.27,104.508,102.917,103.978,129405.0,69361080.0,5.32,5.39,5.3,5.36,True,碧水源,False
2023-07-03,103.978,105.215,103.801,104.331,151973.0,81761474.0,5.36,5.43,5.35,5.38,True,碧水源,False
2023-07-04,104.685,104.685,103.094,103.27,148199.0,78841868.0,5.4,5.4,5.31,5.32,True,碧水源,False
2023-07-05,103.624,103.978,103.094,103.447,87851.0,46824583.0,5.34,5.36,5.31,5.33,True,碧水源,False
2023-07-06,103.094,103.978,102.917,103.624,88037.0,47011758.0,5.31,5.36,5.3,5.34,True,碧水源,False
2023-07-07,103.094,103.978,103.094,103.27,92107.0,49000924.0,5.31,5.36,5.31,5.32,True,碧水源,False
2023-07-10,103.624,103.978,103.094,103.801,104359.0,55832065.0,5.34,5.36,5.31,5.35,True,碧水源,False
2023-07-11,103.801,103.801,103.094,103.624,78147.0,41730498.0,5.35,5.35,5.31,5.34,True,碧水源,False
2023-07-12,102.387,103.094,100.619,100.795,234688.0,121568384.0,5.27,5.31,5.17,5.18,True,碧水源,False
2023-07-13,101.149,102.563,101.149,102.21,127592.0,67113392.0,5.2,5.28,5.2,5.26,True,碧水源,False
2023-07-14,103.094,103.624,102.21,103.27,112684.0,59947888.0,5.31,5.34,5.26,5.32,True,碧水源,False
2023-07-17,102.917,104.685,102.21,103.978,174015.0,93272040.0,5.3,5.4,5.26,5.36,True,碧水源,False
2023-07-18,104.331,104.508,103.447,103.624,187170.0,99948780.0,5.38,5.39,5.33,5.34,True,碧水源,False
2023-07-19,104.685,105.922,103.27,103.447,302739.0,161359887.0,5.4,5.47,5.32,5.33,True,碧水源,False
2023-07-20,103.801,104.331,102.563,102.917,189038.0,100190140.0,5.35,5.38,5.28,5.3,True,碧水源,False
2023-07-21,102.74,103.624,102.563,103.094,115160.0,61149959.99999999,5.29,5.34,5.28,5.31,True,碧水源,False
2023-07-24,102.917,104.508,102.74,103.978,129930.0,69642480.0,5.3,5.39,5.29,5.36,True,碧水源,False
2023-07-25,104.331,105.038,104.154,104.862,159732.0,86415012.0,5.38,5.42,5.37,5.41,True,碧水源,False
2023-07-26,104.862,107.337,104.685,106.099,307264.0,168380672.0,5.41,5.55,5.4,5.48,True,碧水源,False
2023-07-27,106.276,106.453,105.392,105.569,168002.0,91561090.0,5.49,5.5,5.44,5.45,True,碧水源,False
2023-07-28,105.392,106.629,105.215,106.453,180546.0,99300300.0,5.44,5.51,5.43,5.5,True,碧水源,False
2023-07-31,106.806,108.221,106.806,108.044,234373.0,131014507.0,5.52,5.6,5.52,5.59,True,碧水源,False
2023-08-01,108.044,108.397,107.16,108.221,187490.0,104994400.0,5.59,5.61,5.54,5.6,True,碧水源,False
2023-08-02,108.221,108.397,107.337,107.867,150144.0,83780352.0,5.6,5.61,5.55,5.58,True,碧水源,False
2023-08-03,107.16,108.221,106.806,107.867,154205.0,86046390.0,5.54,5.6,5.52,5.58,True,碧水源,False
2023-08-04,108.397,108.751,107.513,107.69,151834.0,84571538.0,5.61,5.63,5.56,5.57,True,碧水源,False
2023-08-07,107.513,107.69,106.276,106.806,207420.0,114495840.0,5.56,5.57,5.49,5.52,True,碧水源,False
2023-08-08,106.629,107.513,106.453,106.806,178421.0,98488392.0,5.51,5.56,5.5,5.52,True,碧水源,False
2023-08-09,106.453,108.928,106.453,107.16,264489.0,146526906.0,5.5,5.64,5.5,5.54,True,碧水源,False
2023-08-10,106.806,107.867,106.276,107.16,187062.0,103632348.0,5.52,5.58,5.49,5.54,True,碧水源,False
2023-08-11,106.983,107.337,104.862,105.038,155200.0,84118400.0,5.53,5.55,5.41,5.42,True,碧水源,False
2023-08-14,104.685,104.862,103.624,104.685,122503.0,66151620.00000001,5.4,5.41,5.34,5.4,True,碧水源,False
2023-08-15,105.038,105.215,103.624,104.508,111460.0,60076940.0,5.42,5.43,5.34,5.39,True,碧水源,False
2023-08-16,104.508,105.038,103.978,104.508,85576.0,46125464.0,5.39,5.42,5.36,5.39,True,碧水源,False
2023-08-17,103.978,106.453,103.27,105.215,215744.0,117148992.0,5.36,5.5,5.32,5.43,True,碧水源,False
2023-08-18,105.922,108.397,105.569,106.983,424484.0,234739652.0,5.47,5.61,5.45,5.53,True,碧水源,False
2023-08-21,107.867,110.165,106.806,108.221,535916.0,300112960.0,5.58,5.71,5.52,5.6,True,碧水源,False
2023-08-22,108.044,108.221,103.624,104.508,588250.0,317066750.0,5.59,5.6,5.34,5.39,True,碧水源,False
2023-08-23,104.508,110.342,103.978,109.281,945165.0,534963390.0,5.39,5.72,5.36,5.66,True,碧水源,False
2023-08-24,108.221,117.944,105.215,112.463,1238928.0,723533952.0,5.6,6.15,5.43,5.84,True,碧水源,False
2023-08-25,110.872,117.767,110.696,111.579,1651639.0,956298981.0,5.75,6.14,5.74,5.79,True,碧水源,False
2023-08-28,115.822,115.999,108.751,109.458,1556107.0,882312669.0,6.03,6.04,5.63,5.67,True,碧水源,False
2023-08-29,108.574,109.988,106.806,108.751,1015448.0,571697224.0,5.62,5.7,5.52,5.63,True,碧水源,False
2023-08-30,108.574,108.574,105.569,105.746,791296.0,432047616.0,5.62,5.62,5.45,5.46,True,碧水源,False
2023-08-31,105.215,106.276,103.27,103.27,531977.0,283011764.0,5.43,5.49,5.32,5.32,True,碧水源,False
2023-09-01,103.27,104.154,102.21,103.801,352702.0,188695570.0,5.32,5.37,5.26,5.35,True,碧水源,False
2023-09-04,103.978,105.215,103.624,104.685,379256.0,204798240.0,5.36,5.43,5.34,5.4,True,碧水源,False
2023-09-05,104.862,104.862,102.563,103.27,357912.0,190409184.0,5.41,5.41,5.28,5.32,True,碧水源,False
2023-09-06,102.917,103.094,102.033,102.74,224578.0,118801762.0,5.3,5.31,5.25,5.29,True,碧水源,False
2023-09-07,102.563,103.094,101.679,101.679,227994.0,119240862.0,5.28,5.31,5.23,5.23,True,碧水源,False
2023-09-08,101.503,102.387,101.149,101.149,194250.0,101010000.0,5.22,5.27,5.2,5.2,True,碧水源,False
2023-09-11,101.679,102.74,100.972,101.679,222820.0,116534860.0,5.23,5.29,5.19,5.23,True,碧水源,False
2023-09-12,102.033,102.917,101.856,102.21,153964.0,80985064.0,5.25,5.3,5.24,5.26,True,碧水源,False
2023-09-13,102.21,102.74,101.679,102.563,233590.0,123335520.0,5.26,5.29,5.23,5.28,True,碧水源,False
2023-09-14,102.563,102.563,101.326,101.503,214785.0,112117770.0,5.28,5.28,5.21,5.22,True,碧水源,False
2023-09-15,101.856,102.033,101.326,101.856,155059.0,81250916.0,5.24,5.25,5.21,5.24,True,碧水源,False
2023-09-18,101.326,102.033,100.972,101.679,138183.0,72269709.0,5.21,5.25,5.19,5.23,True,碧水源,False
2023-09-19,101.679,102.033,101.149,101.503,144193.0,75268746.0,5.23,5.25,5.2,5.22,True,碧水源,False
2023-09-20,101.149,101.503,99.735,99.912,237353.0,121762089.0,5.2,5.22,5.12,5.13,True,碧水源,False
2023-09-21,99.912,100.619,98.851,99.028,189009.0,96016572.0,5.13,5.17,5.07,5.08,True,碧水源,False
2023-09-22,99.204,100.265,98.851,100.088,148181.0,76165034.0,5.09,5.15,5.07,5.14,True,碧水源,False
2023-09-25,99.912,100.088,98.674,98.851,155771.0,78975897.0,5.13,5.14,5.06,5.07,True,碧水源,False
2023-09-26,99.028,99.204,98.497,98.674,92235.0,46670910.0,5.08,5.09,5.05,5.06,True,碧水源,False
2023-09-27,98.674,99.204,98.497,98.851,121990.0,61848930.0,5.06,5.09,5.05,5.07,True,碧水源,False
2023-09-28,99.204,100.265,99.028,99.912,172409.0,88445817.0,5.09,5.15,5.08,5.13,True,碧水源,False
2023-10-09,99.558,99.912,98.851,99.028,103763.0,52711604.0,5.11,5.13,5.07,5.08,True,碧水源,False
2023-10-10,99.204,100.088,99.028,99.204,120248.0,61206232.0,5.09,5.14,5.08,5.09,True,碧水源,False
2023-10-11,99.204,99.735,98.674,98.674,147307.0,74537342.0,5.09,5.12,5.06,5.06,True,碧水源,False
2023-10-12,99.204,99.558,98.674,99.381,131532.0,67081319.99999999,5.09,5.11,5.06,5.1,True,碧水源,False
2023-10-13,99.028,99.204,98.497,98.674,115342.0,58363051.99999999,5.08,5.09,5.05,5.06,True,碧水源,False
2023-10-16,98.674,99.028,97.437,97.613,151684.0,75842000.0,5.06,5.08,4.99,5.0,True,碧水源,False
2023-10-17,97.79,98.144,97.083,97.437,130554.0,65146446.0,5.01,5.03,4.97,4.99,True,碧水源,False
2023-10-18,97.437,97.437,95.315,95.315,197068.0,95972116.0,4.99,4.99,4.87,4.87,True,碧水源,False
2023-10-19,95.315,96.022,94.785,94.785,139333.0,67437172.0,4.87,4.91,4.84,4.84,True,碧水源,False
2023-10-20,94.785,96.022,94.608,94.961,182913.0,88712805.0,4.84,4.91,4.83,4.85,True,碧水源,False
2023-10-23,95.138,95.315,92.663,93.194,174316.0,82800100.0,4.86,4.87,4.72,4.75,True,碧水源,False
2023-10-24,94.961,97.26,94.785,96.022,286154.0,140501614.0,4.85,4.98,4.84,4.91,True,碧水源,False
2023-10-25,98.497,100.795,98.144,100.088,452897.0,232789058.0,5.05,5.18,5.03,5.14,True,碧水源,False
2023-10-26,99.028,100.265,98.851,99.204,317290.0,161500610.0,5.08,5.15,5.07,5.09,True,碧水源,False
2023-10-27,99.204,99.912,98.851,99.558,214757.0,109740827.0,5.09,5.13,5.07,5.11,True,碧水源,False
2023-10-30,99.204,100.265,99.028,99.558,224014.0,114471154.0,5.09,5.15,5.08,5.11,True,碧水源,False
2023-10-31,99.558,100.088,98.144,98.674,211635.0,107087310.0,5.11,5.14,5.03,5.06,True,碧水源,False
2023-11-01,99.028,99.381,98.497,98.851,126207.0,63986949.0,5.08,5.1,5.05,5.07,True,碧水源,False
2023-11-02,98.851,99.381,98.497,98.674,113709.0,57536753.99999999,5.07,5.1,5.05,5.06,True,碧水源,False
2023-11-03,98.674,99.912,98.497,99.028,166271.0,84465668.0,5.06,5.13,5.05,5.08,True,碧水源,False
2023-11-06,99.381,99.912,99.028,99.735,217077.0,111143424.0,5.1,5.13,5.08,5.12,True,碧水源,False
2023-11-07,99.912,100.795,99.381,100.442,221811.0,114454476.0,5.13,5.18,5.1,5.16,True,碧水源,False
2023-11-08,100.795,100.972,99.204,99.381,223572.0,114021720.0,5.18,5.19,5.09,5.1,True,碧水源,False
2023-11-09,99.381,99.912,98.674,99.028,150202.0,76302616.0,5.1,5.13,5.06,5.08,True,碧水源,False
2023-11-10,98.851,99.028,97.967,98.497,156054.0,78807270.0,5.07,5.08,5.02,5.05,True,碧水源,False
2023-11-13,98.851,99.735,98.851,99.735,159788.0,81811456.0,5.07,5.12,5.07,5.12,True,碧水源,False
2023-11-14,99.912,99.912,98.851,99.028,143577.0,72937116.0,5.13,5.13,5.07,5.08,True,碧水源,False
2023-11-15,99.558,100.088,99.204,99.558,189155.0,96658205.0,5.11,5.14,5.09,5.11,True,碧水源,False
2023-11-16,99.912,100.265,99.204,99.735,204233.0,104567296.0,5.13,5.15,5.09,5.12,True,碧水源,False
2023-11-17,99.735,99.735,99.028,99.381,146810.0,74873100.0,5.12,5.12,5.08,5.1,True,碧水源,False
2023-11-20,99.558,100.265,99.381,100.265,201273.0,103655595.0,5.11,5.15,5.1,5.15,True,碧水源,False
2023-11-21,100.088,101.503,99.912,100.619,290814.0,150350838.0,5.14,5.22,5.13,5.17,True,碧水源,False
2023-11-22,100.619,101.503,100.088,100.619,263168.0,136057856.0,5.17,5.22,5.14,5.17,True,碧水源,False
2023-11-23,100.442,100.795,99.558,100.795,211537.0,109576166.0,5.16,5.18,5.11,5.18,True,碧水源,False
2023-11-24,100.442,100.795,99.204,99.381,185209.0,94456590.0,5.16,5.18,5.09,5.1,True,碧水源,False
2023-11-27,99.381,100.265,99.028,99.912,182831.0,93792303.0,5.1,5.15,5.08,5.13,True,碧水源,False
2023-11-28,99.735,100.619,99.028,100.442,182110.0,93968760.0,5.12,5.17,5.08,5.16,True,碧水源,False
2023-11-29,100.265,100.442,99.028,99.204,173170.0,88143530.0,5.15,5.16,5.08,5.09,True,碧水源,False
2023-11-30,99.204,99.558,98.497,99.028,150383.0,76394564.0,5.09,5.11,5.05,5.08,True,碧水源,False
2023-12-01,99.028,99.912,98.851,99.558,146353.0,74786383.0,5.08,5.13,5.07,5.11,True,碧水源,False
2023-12-04,99.735,100.265,99.558,99.912,150011.0,76955643.0,5.12,5.15,5.11,5.13,True,碧水源,False
2023-12-05,99.912,99.912,97.967,98.144,222968.0,112152904.0,5.13,5.13,5.02,5.03,True,碧水源,False
2023-12-06,97.967,98.851,97.437,98.32,135328.0,68205312.0,5.02,5.07,4.99,5.04,True,碧水源,False
2023-12-07,98.32,99.028,97.437,98.674,140303.0,70993318.0,5.04,5.08,4.99,5.06,True,碧水源,False
2023-12-08,98.674,99.204,97.79,97.79,162295.0,81309795.0,5.06,5.09,5.01,5.01,True,碧水源,False
2023-12-11,97.613,98.674,96.729,98.497,194102.0,98021510.0,5.0,5.06,4.95,5.05,True,碧水源,False
2023-12-12,98.497,99.381,98.144,99.204,135580.0,69010220.0,5.05,5.1,5.03,5.09,True,碧水源,False
2023-12-13,99.028,99.558,98.674,98.851,114550.0,58076850.0,5.08,5.11,5.06,5.07,True,碧水源,False
2023-12-14,99.028,99.735,98.851,98.851,145521.0,73779147.0,5.08,5.12,5.07,5.07,True,碧水源,False
2023-12-15,99.204,99.381,98.497,98.674,133081.0,67338986.0,5.09,5.1,5.05,5.06,True,碧水源,False
2023-12-18,98.32,98.497,97.26,97.26,147933.0,73670634.0,5.04,5.05,4.98,4.98,True,碧水源,False
2023-12-19,97.26,97.79,96.376,96.906,119434.0,59239264.0,4.98,5.01,4.93,4.96,True,碧水源,False
2023-12-20,97.083,97.437,96.022,96.199,103953.0,51144876.0,4.97,4.99,4.91,4.92,True,碧水源,False
2023-12-21,95.845,97.083,95.138,96.729,122997.0,60883515.0,4.9,4.97,4.86,4.95,True,碧水源,False
2023-12-22,96.729,97.083,95.492,95.845,133681.0,65503690.00000001,4.95,4.97,4.88,4.9,True,碧水源,False
2023-12-25,96.199,96.199,94.961,95.492,100651.0,49117688.0,4.92,4.92,4.85,4.88,True,碧水源,False
2023-12-26,95.492,98.144,95.138,96.729,212637.0,105255315.0,4.88,5.03,4.86,4.95,True,碧水源,False
2023-12-27,96.376,96.553,94.785,95.669,156842.0,76695738.0,4.93,4.94,4.84,4.89,True,碧水源,False
2023-12-28,95.315,97.437,94.785,97.083,164243.0,81628771.0,4.87,4.99,4.84,4.97,True,碧水源,False
2023-12-29,97.26,97.79,96.906,97.437,126935.0,63340565.0,4.98,5.01,4.96,4.99,True,碧水源,False
2024-01-02,97.437,99.028,97.26,97.967,188721.0,94737942.0,4.99,5.08,4.98,5.02,True,碧水源,False
2024-01-03,97.967,98.497,97.26,97.79,150662.0,75481662.0,5.02,5.05,4.98,5.01,True,碧水源,False
2024-01-04,97.79,98.674,97.79,98.32,159771.0,80524584.0,5.01,5.06,5.01,5.04,True,碧水源,False
2024-01-05,98.144,98.497,97.083,97.437,128995.0,64368505.0,5.03,5.05,4.97,4.99,True,碧水源,False
2024-01-08,97.437,97.613,95.669,95.845,157127.0,76992230.0,4.99,5.0,4.89,4.9,True,碧水源,False
2024-01-09,95.845,96.906,95.845,96.376,120316.0,59315788.0,4.9,4.96,4.9,4.93,True,碧水源,False
2024-01-10,96.199,96.906,95.492,95.669,106243.0,51952827.0,4.92,4.96,4.88,4.89,True,碧水源,False
2024-01-11,95.669,96.729,95.669,96.199,111999.0,55103508.0,4.89,4.95,4.89,4.92,True,碧水源,False
2024-01-12,98.497,100.619,97.613,97.613,466641.0,233320500.0,5.05,5.17,5.0,5.0,True,碧水源,False
2024-01-15,97.083,97.79,96.022,96.553,262822.0,129834068.0,4.97,5.01,4.91,4.94,True,碧水源,False
2024-01-16,96.376,96.729,95.492,96.376,169897.0,83759221.0,4.93,4.95,4.88,4.93,True,碧水源,False
2024-01-17,96.199,96.376,94.254,94.254,167342.0,80491502.0,4.92,4.93,4.81,4.81,True,碧水源,False
2024-01-18,94.254,94.431,91.603,93.724,224917.0,107510326.0,4.81,4.82,4.66,4.78,True,碧水源,False
2024-01-19,93.901,93.901,92.84,92.84,130734.0,61837182.00000001,4.79,4.79,4.73,4.73,True,碧水源,False
2024-01-22,92.84,93.37,88.067,88.951,236947.0,106863097.0,4.73,4.76,4.46,4.51,True,碧水源,False
2024-01-23,88.774,90.011,87.89,89.481,154293.0,70049022.0,4.5,4.57,4.45,4.54,True,碧水源,False
2024-01-24,89.835,92.31,88.774,91.956,200307.0,93743676.0,4.56,4.7,4.5,4.68,True,碧水源,False
2024-01-25,91.956,95.492,91.603,95.492,284078.0,138630064.0,4.68,4.88,4.66,4.88,True,碧水源,False
2024-01-26,95.138,97.083,94.961,95.845,234659.0,114982910.0,4.86,4.97,4.85,4.9,True,碧水源,False
2024-01-29,96.022,96.729,95.138,95.492,230378.0,112424464.0,4.91,4.95,4.86,4.88,True,碧水源,False
2024-01-30,95.492,96.376,94.254,94.254,232208.0,111692048.0,4.88,4.93,4.81,4.81,True,碧水源,False
2024-01-31,94.078,94.961,92.663,93.547,230645.0,110017665.0,4.8,4.85,4.72,4.77,True,碧水源,False
2024-02-01,92.663,93.547,90.719,91.426,228175.0,106101375.0,4.72,4.77,4.61,4.65,True,碧水源,False
2024-02-02,91.603,92.663,86.829,88.774,316834.0,142575300.0,4.66,4.72,4.39,4.5,True,碧水源,False
2024-02-05,88.244,88.774,83.117,85.415,420499.0,181235069.0,4.47,4.5,4.18,4.31,True,碧水源,False
2024-02-06,85.238,94.785,84.177,94.078,469487.0,225353760.0,4.3,4.84,4.24,4.8,True,碧水源,False
2024-02-07,93.724,98.497,92.84,98.32,670252.0,337807008.0,4.78,5.05,4.73,5.04,True,碧水源,False
2024-02-08,98.851,102.74,97.967,98.144,659309.0,331632427.0,5.07,5.29,5.02,5.03,True,碧水源,False
2024-02-19,98.851,99.558,97.083,97.613,397110.0,198555000.0,5.07,5.11,4.97,5.0,True,碧水源,False
2024-02-20,97.79,97.79,96.553,97.083,244516.0,121524452.0,5.01,5.01,4.94,4.97,True,碧水源,False
2024-02-21,96.906,99.028,96.199,97.613,397311.0,198655500.0,4.96,5.08,4.92,5.0,True,碧水源,False
2024-02-22,97.613,98.144,97.083,97.79,250222.0,125361222.0,5.0,5.03,4.97,5.01,True,碧水源,False
2024-02-23,97.79,98.144,97.083,97.967,255821.0,128422142.0,5.01,5.03,4.97,5.02,True,碧水源,False
2024-02-26,97.967,99.912,97.437,99.028,417185.0,211929980.0,5.02,5.13,4.99,5.08,True,碧水源,False
2024-02-27,98.851,99.558,98.144,99.381,324502.0,165496020.0,5.07,5.11,5.03,5.1,True,碧水源,False
2024-02-28,99.558,101.326,97.967,97.967,525528.0,263815056.0,5.11,5.21,5.02,5.02,True,碧水源,False
2024-02-29,97.613,99.381,97.437,99.204,330781.0,168367529.0,5.0,5.1,4.99,5.09,True,碧水源,False
2024-03-01,98.851,101.503,98.851,99.735,309516.0,158472192.0,5.07,5.22,5.07,5.12,True,碧水源,False
2024-03-04,99.735,100.265,98.144,98.851,280582.0,142255074.0,5.12,5.15,5.03,5.07,True,碧水源,False
2024-03-05,99.028,99.381,98.497,99.028,229981.0,116830348.0,5.08,5.1,5.05,5.08,True,碧水源,False
2024-03-06,99.028,99.558,97.967,98.674,215200.0,108891200.0,5.08,5.11,5.02,5.06,True,碧水源,False
2024-03-07,98.851,99.204,97.437,97.437,253008.0,126250992.0,5.07,5.09,4.99,4.99,True,碧水源,False
2024-03-08,97.613,98.32,97.083,98.32,162641.0,81971064.0,5.0,5.04,4.97,5.04,True,碧水源,False
2024-03-11,98.144,99.028,97.967,99.028,208349.0,105841292.0,5.03,5.08,5.02,5.08,True,碧水源,False
2024-03-12,99.204,99.381,97.967,98.674,217455.0,110032230.0,5.09,5.1,5.02,5.06,True,碧水源,False
2024-03-13,98.674,98.851,97.437,97.967,222474.0,111681948.0,5.06,5.07,4.99,5.02,True,碧水源,False
2024-03-14,97.79,99.735,97.613,98.497,388338.0,196110690.0,5.01,5.12,5.0,5.05,True,碧水源,False
2024-03-15,98.32,99.735,97.79,99.735,366185.0,187486720.0,5.04,5.12,5.01,5.12,True,碧水源,False
2024-03-18,99.558,100.088,99.028,100.088,308335.0,158484190.0,5.11,5.14,5.08,5.14,True,碧水源,False
2024-03-19,99.912,100.088,98.32,98.497,335551.0,169453255.0,5.13,5.14,5.04,5.05,True,碧水源,False
2024-03-20,98.674,98.851,97.967,98.497,246543.0,124504215.0,5.06,5.07,5.02,5.05,True,碧水源,False
2024-03-21,98.32,99.028,97.79,97.967,258905.0,129970310.0,5.04,5.08,5.01,5.02,True,碧水源,False
2024-03-22,97.967,98.144,95.845,96.376,352955.0,174006815.0,5.02,5.03,4.9,4.93,True,碧水源,False
2024-03-25,96.199,96.553,94.785,94.961,260410.0,126298850.0,4.92,4.94,4.84,4.85,True,碧水源,False
2024-03-26,94.785,96.022,94.254,95.845,219399.0,107505510.0,4.84,4.91,4.81,4.9,True,碧水源,False
2024-03-27,95.492,96.199,93.724,93.901,188323.0,90206717.0,4.88,4.92,4.78,4.79,True,碧水源,False
2024-03-28,93.724,95.492,93.724,94.961,200112.0,97054320.0,4.78,4.88,4.78,4.85,True,碧水源,False
2024-03-29,94.608,97.083,94.608,96.553,253967.0,125459698.0,4.83,4.97,4.83,4.94,True,碧水源,False
2024-04-01,96.906,98.674,96.906,98.497,295250.0,149101250.0,4.96,5.06,4.96,5.05,True,碧水源,False
2024-04-02,98.674,99.735,98.32,99.381,328877.0,167727270.0,5.06,5.12,5.04,5.1,True,碧水源,False
2024-04-03,99.028,99.912,98.674,99.558,260793.0,133265223.0,5.08,5.13,5.06,5.11,True,碧水源,False
2024-04-08,98.674,99.204,97.083,97.26,348988.0,173796024.0,5.06,5.09,4.97,4.98,True,碧水源,False
2024-04-09,97.437,97.79,96.199,96.553,271535.0,134138290.0,4.99,5.01,4.92,4.94,True,碧水源,False
2024-04-10,96.376,96.729,94.254,94.785,261331.0,126484204.0,4.93,4.95,4.81,4.84,True,碧水源,False
2024-04-11,94.431,97.613,94.254,96.729,336065.0,166352175.0,4.82,5.0,4.81,4.95,True,碧水源,False
2024-04-12,96.376,97.083,94.078,94.254,294543.0,141675183.0,4.93,4.97,4.8,4.81,True,碧水源,False
2024-04-15,94.078,94.961,90.719,93.547,406275.0,193793175.0,4.8,4.85,4.61,4.77,True,碧水源,False
2024-04-16,92.84,94.254,91.426,91.603,297214.0,138501724.0,4.73,4.81,4.65,4.66,True,碧水源,False
2024-04-17,92.31,95.845,92.31,95.845,366822.0,179742780.0,4.7,4.9,4.7,4.9,True,碧水源,False
2024-04-18,96.199,96.199,94.431,94.608,268189.0,129535287.0,4.92,4.92,4.82,4.83,True,碧水源,False
2024-04-19,94.431,95.669,94.254,94.961,252398.0,122413030.0,4.82,4.89,4.81,4.85,True,碧水源,False
2024-04-22,94.608,95.492,93.194,93.194,239542.0,113782450.0,4.83,4.88,4.75,4.75,True,碧水源,False
2024-04-23,93.194,94.078,92.486,92.486,175393.0,82610103.0,4.75,4.8,4.71,4.71,True,碧水源,False
2024-04-24,92.486,92.84,91.779,92.84,206055.0,97464015.0,4.71,4.73,4.67,4.73,True,碧水源,False
2024-04-25,94.078,94.608,92.84,93.017,254441.0,120605034.0,4.8,4.83,4.73,4.74,True,碧水源,False
2024-04-26,92.663,95.138,92.663,95.138,300317.0,145954062.0,4.72,4.86,4.72,4.86,True,碧水源,False
2024-04-29,94.961,96.729,94.608,96.553,312071.0,154163074.0,4.85,4.95,4.83,4.94,True,碧水源,False
2024-04-30,96.376,96.729,95.315,95.845,230281.0,112837690.0,4.93,4.95,4.87,4.9,True,碧水源,False
2024-05-06,96.906,97.26,96.376,96.553,300277.0,148336838.0,4.96,4.98,4.93,4.94,True,碧水源,False
2024-05-07,96.553,96.729,95.669,96.553,196797.0,97217718.0,4.94,4.95,4.89,4.94,True,碧水源,False
2024-05-08,96.553,96.553,95.138,95.315,163448.0,79599176.0,4.94,4.94,4.86,4.87,True,碧水源,False
2024-05-09,95.315,96.553,95.138,96.199,186105.0,91563660.0,4.87,4.94,4.86,4.92,True,碧水源,False
2024-05-10,96.199,96.376,95.315,95.845,178345.0,87389050.0,4.92,4.93,4.87,4.9,True,碧水源,False
2024-05-13,96.376,96.729,95.315,95.845,266088.0,130383120.0,4.93,4.95,4.87,4.9,True,碧水源,False
2024-05-14,95.492,96.376,95.492,95.845,208891.0,102356590.0,4.88,4.93,4.88,4.9,True,碧水源,False
2024-05-15,95.669,95.845,94.254,94.431,193753.0,93388946.0,4.89,4.9,4.81,4.82,True,碧水源,False
2024-05-16,94.608,95.669,94.608,94.785,207812.0,100581008.0,4.83,4.89,4.83,4.84,True,碧水源,False
2024-05-17,94.961,95.845,94.431,95.845,190349.0,93271010.0,4.85,4.9,4.82,4.9,True,碧水源,False
2024-05-20,95.669,96.376,95.315,95.492,210802.0,102871376.0,4.89,4.93,4.87,4.88,True,碧水源,False
2024-05-21,95.722,95.898,95.015,95.191,158024.0,76167568.0,4.85,4.86,4.81,4.82,True,碧水源,False
2024-05-22,95.015,95.722,95.015,95.191,134249.0,64708018.00000001,4.81,4.85,4.81,4.82,True,碧水源,False
2024-05-23,95.191,95.191,92.54,92.893,301482.0,141395058.0,4.82,4.82,4.67,4.69,True,碧水源,False
2024-05-24,92.893,93.6,92.54,92.893,141903.0,66552507.00000001,4.69,4.73,4.67,4.69,True,碧水源,False
2024-05-27,93.247,94.131,92.54,94.131,175472.0,83524672.0,4.71,4.76,4.67,4.76,True,碧水源,False
2024-05-28,93.954,94.131,92.893,93.247,130359.0,61399089.0,4.75,4.76,4.69,4.71,True,碧水源,False
2024-05-29,93.247,94.131,92.716,92.893,126327.0,59247363.00000001,4.71,4.76,4.68,4.69,True,碧水源,False
2024-05-30,92.893,93.6,92.363,92.716,145775.0,68222700.0,4.69,4.73,4.66,4.68,True,碧水源,False
2024-05-31,93.07,93.423,92.54,92.716,114095.0,53396460.0,4.7,4.72,4.67,4.68,True,碧水源,False
2024-06-03,92.54,92.716,90.772,91.479,227431.0,104845691.0,4.67,4.68,4.57,4.61,True,碧水源,False
2024-06-04,91.125,92.186,90.772,92.009,151283.0,70195312.0,4.59,4.65,4.57,4.64,True,碧水源,False
2024-06-05,91.832,92.363,91.302,91.302,132156.0,60791759.99999999,4.63,4.66,4.6,4.6,True,碧水源,False
2024-06-06,91.479,91.832,89.181,89.534,238536.0,107341200.0,4.61,4.63,4.48,4.5,True,碧水源,False
2024-06-07,90.241,91.125,89.888,90.948,203168.0,93050944.0,4.54,4.59,4.52,4.58,True,碧水源,False
2024-06-11,90.948,90.948,89.888,90.241,150204.0,68192616.0,4.58,4.58,4.52,4.54,True,碧水源,False
2024-06-12,90.064,90.595,90.064,90.064,116791.0,52906323.0,4.53,4.56,4.53,4.53,True,碧水源,False
2024-06-13,90.241,90.595,89.357,89.534,163115.0,73401750.0,4.54,4.56,4.49,4.5,True,碧水源,False
2024-06-14,89.357,89.888,88.12,89.004,180986.0,80900742.0,4.49,4.52,4.42,4.47,True,碧水源,False
2024-06-17,88.827,89.711,88.297,88.65,133045.0,59205025.0,4.46,4.51,4.43,4.45,True,碧水源,False
2024-06-18,88.65,89.357,88.473,89.004,107590.0,48092730.0,4.45,4.49,4.44,4.47,True,碧水源,False
2024-06-19,89.181,89.357,88.12,88.12,105965.0,46836530.0,4.48,4.49,4.42,4.42,True,碧水源,False
2024-06-20,88.297,88.473,85.998,85.998,212337.0,91304910.0,4.43,4.44,4.3,4.3,True,碧水源,False
2024-06-21,86.175,87.413,85.998,86.352,171105.0,73917360.0,4.31,4.38,4.3,4.32,True,碧水源,False
2024-06-24,86.352,86.706,84.231,84.584,253010.0,106770220.0,4.32,4.34,4.2,4.22,True,碧水源,False
2024-06-25,84.761,85.291,83.523,83.877,213077.0,89066186.0,4.23,4.26,4.16,4.18,True,碧水源,False
2024-06-26,84.231,85.998,83.523,85.645,191101.0,81791228.0,4.2,4.3,4.16,4.28,True,碧水源,False
2024-06-27,85.468,85.822,83.877,84.054,200901.0,84177519.00000001,4.27,4.29,4.18,4.19,True,碧水源,False
2024-06-28,84.054,85.114,83.877,84.054,175526.0,73545394.0,4.19,4.25,4.18,4.19,True,碧水源,False
2024-07-01,84.407,85.291,84.054,85.114,191700.0,81472500.0,4.21,4.26,4.19,4.25,True,碧水源,False
2024-07-02,85.291,86.352,84.938,85.645,190261.0,81431708.0,4.26,4.32,4.24,4.28,True,碧水源,False
2024-07-03,85.645,86.352,85.291,85.291,147232.0,62720832.0,4.28,4.32,4.26,4.26,True,碧水源,False
2024-07-04,85.468,85.822,83.523,83.7,173418.0,72315306.0,4.27,4.29,4.16,4.17,True,碧水源,False
2024-07-05,83.877,84.584,83.347,84.407,148753.0,62625013.0,4.18,4.22,4.15,4.21,True,碧水源,False
2024-07-08,84.054,84.584,83.347,83.523,172835.0,71899360.0,4.19,4.22,4.15,4.16,True,碧水源,False
2024-07-09,83.347,85.291,82.463,84.938,223981.0,94967944.0,4.15,4.26,4.1,4.24,True,碧水源,False
2024-07-10,84.938,85.114,84.054,84.584,120771.0,50965362.0,4.24,4.25,4.19,4.22,True,碧水源,False
2024-07-11,85.645,87.236,85.114,87.059,258172.0,112562992.0,4.28,4.37,4.25,4.36,True,碧水源,False
2024-07-12,86.706,87.589,86.529,87.059,180769.0,78815284.0,4.34,4.39,4.33,4.36,True,碧水源,False
2024-07-15,86.706,87.236,85.822,86.352,138166.0,59687712.00000001,4.34,4.37,4.29,4.32,True,碧水源,False
2024-07-16,86.352,86.529,85.822,85.998,101661.0,43714230.0,4.32,4.33,4.29,4.3,True,碧水源,False
2024-07-17,86.352,86.882,85.822,86.529,129968.0,56276144.0,4.32,4.35,4.29,4.33,True,碧水源,False
2024-07-18,86.175,86.706,85.645,86.706,145715.0,63240310.0,4.31,4.34,4.28,4.34,True,碧水源,False
2024-07-19,86.352,86.882,85.645,86.529,158269.0,68530477.0,4.32,4.35,4.28,4.33,True,碧水源,False
2024-07-22,86.529,86.882,85.645,85.998,122752.0,52783360.0,4.33,4.35,4.28,4.3,True,碧水源,False
2024-07-23,87.236,87.943,85.468,85.468,254950.0,108863650.0,4.37,4.41,4.27,4.27,True,碧水源,False
2024-07-24,84.761,87.413,84.231,85.822,307246.0,131808534.0,4.23,4.38,4.2,4.29,True,碧水源,False
2024-07-25,85.645,86.882,85.468,86.529,160657.0,69564481.0,4.28,4.35,4.27,4.33,True,碧水源,False
2024-07-26,86.529,87.589,86.352,87.589,194278.0,85288042.0,4.33,4.39,4.32,4.39,True,碧水源,False
2024-07-29,85.822,85.998,80.341,81.932,744483.0,303004581.0,4.29,4.3,3.98,4.07,True,碧水源,False
2024-07-30,81.755,82.993,81.402,82.816,294985.0,121533820.0,4.06,4.13,4.04,4.12,True,碧水源,False
2024-07-31,82.639,84.761,82.109,84.761,340543.0,144049689.0,4.11,4.23,4.08,4.23,True,碧水源,False
2024-08-01,84.584,85.114,83.7,83.877,234991.0,98226238.0,4.22,4.25,4.17,4.18,True,碧水源,False
2024-08-02,83.347,84.231,83.17,83.347,171108.0,71009820.0,4.15,4.2,4.14,4.15,True,碧水源,False
2024-08-05,82.993,84.231,82.109,82.286,227526.0,93058134.0,4.13,4.2,4.08,4.09,True,碧水源,False
2024-08-06,82.816,83.17,82.109,82.816,179195.0,73828340.0,4.12,4.14,4.08,4.12,True,碧水源,False
2024-08-07,82.816,82.816,82.109,82.286,138679.0,56719711.0,4.12,4.12,4.08,4.09,True,碧水源,False
2024-08-08,82.463,82.639,81.755,82.109,149943.0,61176744.0,4.1,4.11,4.06,4.08,True,碧水源,False
2024-08-09,82.286,83.17,82.109,82.109,146768.0,59881344.0,4.09,4.14,4.08,4.08,True,碧水源,False
2024-08-12,82.816,83.523,82.286,82.286,202394.0,82779146.0,4.12,4.16,4.09,4.09,True,碧水源,False
2024-08-13,82.286,83.347,81.048,82.993,218299.0,90157487.0,4.09,4.15,4.02,4.13,True,碧水源,False
2024-08-14,82.816,83.7,82.286,82.286,159704.0,65318936.0,4.12,4.17,4.09,4.09,True,碧水源,False
2024-08-15,82.109,83.523,81.932,82.993,172088.0,71072344.0,4.08,4.16,4.07,4.13,True,碧水源,False
2024-08-16,82.993,83.17,81.932,82.463,167411.0,68638510.0,4.13,4.14,4.07,4.1,True,碧水源,False
2024-08-19,82.109,82.816,81.755,82.463,131003.0,53711229.99999999,4.08,4.12,4.06,4.1,True,碧水源,False
2024-08-20,82.286,82.463,81.048,81.225,189988.0,76565164.0,4.09,4.1,4.02,4.03,True,碧水源,False
2024-08-21,81.225,81.402,80.518,80.872,137355.0,55079355.0,4.03,4.04,3.99,4.01,True,碧水源,False
2024-08-22,80.518,81.048,79.28,79.457,193882.0,76195626.0,3.99,4.02,3.92,3.93,True,碧水源,False
2024-08-23,79.28,79.811,79.104,79.457,133781.0,52575933.0,3.92,3.95,3.91,3.93,True,碧水源,False
2024-08-26,79.28,80.341,79.28,79.811,125940.0,49746300.0,3.92,3.98,3.92,3.95,True,碧水源,False
2024-08-27,79.811,80.164,78.75,79.104,160457.0,62738687.0,3.95,3.97,3.89,3.91,True,碧水源,False
2024-08-28,75.214,75.214,70.441,70.795,831777.0,286131288.0,3.69,3.69,3.42,3.44,True,碧水源,False
2024-08-29,70.441,71.148,69.38,70.795,379620.0,130589280.0,3.42,3.46,3.36,3.44,True,碧水源,False
2024-08-30,70.618,72.739,70.264,71.679,390482.0,136278218.0,3.43,3.55,3.41,3.49,True,碧水源,False
2024-09-02,71.679,71.855,68.85,69.027,424889.0,141912926.0,3.49,3.5,3.33,3.34,True,碧水源,False
2024-09-03,68.85,69.027,67.436,68.143,411510.0,135386790.0,3.33,3.34,3.25,3.29,True,碧水源,False
2024-09-04,67.436,68.496,67.259,67.436,273000.0,88725000.0,3.25,3.31,3.24,3.25,True,碧水源,False
2024-09-05,67.613,67.966,67.259,67.789,205934.0,67340418.0,3.26,3.28,3.24,3.27,True,碧水源,False
2024-09-06,67.789,67.966,66.729,66.905,216708.0,69779976.0,3.27,3.28,3.21,3.22,True,碧水源,False
2024-09-09,66.905,67.259,66.021,66.905,204169.0,65742418.00000001,3.22,3.24,3.17,3.22,True,碧水源,False
2024-09-10,67.082,67.259,65.845,66.905,224942.0,72431324.0,3.23,3.24,3.16,3.22,True,碧水源,False
2024-09-11,66.729,66.905,66.021,66.375,161631.0,51560289.0,3.21,3.22,3.17,3.19,True,碧水源,False
2024-09-12,66.375,67.436,66.198,66.552,168215.0,53828800.0,3.19,3.25,3.18,3.2,True,碧水源,False
2024-09-13,66.729,66.905,66.198,66.375,168738.0,53827422.0,3.21,3.22,3.18,3.19,True,碧水源,False
2024-09-18,66.375,66.552,64.784,65.491,227938.0,71572532.0,3.19,3.2,3.1,3.14,True,碧水源,False
2024-09-19,65.845,67.259,65.491,67.082,239803.0,77456369.0,3.16,3.24,3.14,3.23,True,碧水源,False
2024-09-20,66.905,66.905,65.668,66.375,214368.0,68383392.0,3.22,3.22,3.15,3.19,True,碧水源,False
2024-09-23,66.021,66.729,65.668,66.375,153348.0,48918012.0,3.17,3.21,3.15,3.19,True,碧水源,False
2024-09-24,66.729,70.441,66.729,70.264,639119.0,217939579.0,3.21,3.42,3.21,3.41,True,碧水源,False
2024-09-25,72.739,77.159,72.032,73.093,1072734.0,382966038.0,3.55,3.8,3.51,3.57,True,碧水源,False
2024-09-26,72.916,79.811,72.032,79.28,1233221.0,483422632.0,3.56,3.95,3.51,3.92,True,碧水源,False
2024-09-27,79.988,86.175,78.573,84.407,1553453.0,654003713.0,3.96,4.31,3.88,4.21,True,碧水源,False
2024-09-30,87.943,97.136,85.998,96.075,2162936.0,1053349832.0,4.41,4.93,4.3,4.87,True,碧水源,False
2024-10-08,113.047,113.047,99.434,107.213,2658262.0,1462044100.0,5.83,5.83,5.06,5.5,True,碧水源,False
2024-10-09,101.732,101.732,93.247,93.777,1918417.0,909329658.0,5.19,5.19,4.71,4.74,True,碧水源,False
2024-10-10,94.484,104.915,92.186,101.556,1971010.0,1020983180.0,4.78,5.37,4.65,5.18,True,碧水源,False
2024-10-11,99.257,103.5,96.075,97.666,1441383.0,714925968.0,5.05,5.29,4.87,4.96,True,碧水源,False
2024-10-14,107.743,107.743,98.373,103.5,2108273.0,1115276417.0,5.53,5.53,5.0,5.29,True,碧水源,False
2024-10-15,99.965,105.268,98.904,99.081,1741325.0,877627800.0,5.09,5.39,5.03,5.04,True,碧水源,False
2024-10-16,98.197,100.495,96.782,98.02,1036623.0,516238254.00000006,4.99,5.12,4.91,4.98,True,碧水源,False
2024-10-17,98.02,98.904,95.545,96.606,1136550.0,556909500.0,4.98,5.03,4.84,4.9,True,碧水源,False
2024-10-18,96.252,101.202,94.131,99.081,1320209.0,665385336.0,4.88,5.16,4.76,5.04,True,碧水源,False
2024-10-21,99.081,99.788,97.843,98.02,800174.0,398486652.00000006,5.04,5.08,4.97,4.98,True,碧水源,False
2024-10-22,98.02,99.257,96.252,96.959,769318.0,378504456.0,4.98,5.05,4.88,4.92,True,碧水源,False
2024-10-23,96.959,98.904,96.252,96.606,605565.0,296726850.0,4.92,5.03,4.88,4.9,True,碧水源,False
2024-10-24,95.898,96.429,94.838,95.722,566221.0,274617185.0,4.86,4.89,4.8,4.85,True,碧水源,False
2024-10-25,95.898,98.02,95.722,96.959,514029.0,252902268.0,4.86,4.98,4.85,4.92,True,碧水源,False
2024-10-28,96.429,99.611,95.368,98.373,750589.0,375294500.0,4.89,5.07,4.83,5.0,True,碧水源,False
2024-10-29,98.55,100.849,96.252,96.959,830211.0,408463812.0,5.01,5.14,4.88,4.92,True,碧水源,False
2024-10-30,96.959,99.788,96.075,98.02,697951.0,347579598.0,4.92,5.08,4.87,4.98,True,碧水源,False
2024-10-31,97.313,100.495,96.782,99.257,957620.0,483598100.0,4.94,5.12,4.91,5.05,True,碧水源,False
2024-11-01,98.904,101.025,97.136,98.727,936658.0,470202316.0,5.03,5.15,4.93,5.02,True,碧水源,False
2024-11-04,98.373,98.55,96.429,98.373,577063.0,288531500.0,5.0,5.01,4.89,5.0,True,碧水源,False
2024-11-05,98.373,102.616,98.373,102.263,1261764.0,658640808.0,5.0,5.24,5.0,5.22,True,碧水源,False
2024-11-06,102.263,104.738,100.672,103.677,1198045.0,634963850.0,5.22,5.36,5.13,5.3,True,碧水源,False
2024-11-07,104.207,122.417,103.147,122.417,2456410.0,1562276760.0,5.33,6.36,5.27,6.36,True,碧水源,False
2024-11-08,129.134,129.134,116.936,119.058,3358642.0,2072282114.0,6.74,6.74,6.05,6.17,True,碧水源,False
2024-11-11,122.77,126.659,117.643,122.417,2453163.0,1560211668.0,6.38,6.6,6.09,6.36,True,碧水源,False
2024-11-12,121.356,125.422,118.704,119.411,1699574.0,1052036306.0,6.3,6.53,6.15,6.19,True,碧水源,False
2024-11-13,118.881,120.472,114.638,118.881,1378715.0,849288440.0,6.16,6.25,5.92,6.16,True,碧水源,False
2024-11-14,117.82,119.234,115.699,115.699,742303.0,443897194.00000006,6.1,6.18,5.98,5.98,True,碧水源,False
2024-11-15,114.638,117.29,111.986,112.163,943139.0,545134342.0,5.92,6.07,5.77,5.78,True,碧水源,False
2024-11-18,118.704,125.776,118.704,119.234,2328254.0,1438860972.0,6.15,6.55,6.15,6.18,True,碧水源,False
2024-11-19,115.875,118.35,110.395,116.229,1798446.0,1080866046.0,5.99,6.13,5.68,6.01,True,碧水源,False
2024-11-20,114.991,116.583,113.577,116.229,900704.0,541323104.0,5.94,6.03,5.86,6.01,True,碧水源,False
2024-11-21,115.699,119.058,114.461,115.522,736392.0,439626024.0,5.98,6.17,5.91,5.97,True,碧水源,False
2024-11-22,114.815,116.759,112.34,112.516,846929.0,491218820.0,5.93,6.04,5.79,5.8,True,碧水源,False
2024-11-25,112.163,113.754,108.627,110.572,776086.0,441592934.00000006,5.78,5.87,5.58,5.69,True,碧水源,False
2024-11-26,110.572,112.87,109.511,110.749,536546.0,305831220.0,5.69,5.82,5.63,5.7,True,碧水源,False
2024-11-27,110.041,110.749,107.743,110.749,509242.0,290267940.0,5.66,5.7,5.53,5.7,True,碧水源,False
2024-11-28,110.218,113.224,110.041,112.516,628668.0,364627440.0,5.67,5.84,5.66,5.8,True,碧水源,False
2024-11-29,111.633,114.108,110.041,113.577,668652.0,391830072.0,5.75,5.89,5.66,5.86,True,碧水源,False
2024-12-02,114.108,114.991,112.693,114.108,626556.0,369041484.0,5.89,5.94,5.81,5.89,True,碧水源,False
2024-12-03,115.345,116.583,112.516,116.229,872166.0,524171766.0,5.96,6.03,5.8,6.01,True,碧水源,False
2024-12-04,115.168,115.522,112.693,112.87,585120.0,340539840.0,5.95,5.97,5.81,5.82,True,碧水源,False
2024-12-05,113.224,113.577,112.34,112.693,388026.0,225443106.0,5.84,5.86,5.79,5.81,True,碧水源,False
2024-12-06,112.516,116.759,112.34,115.522,805476.0,480869172.0,5.8,6.04,5.79,5.97,True,碧水源,False
2024-12-09,115.522,116.936,113.4,114.284,511472.0,301768480.0,5.97,6.05,5.85,5.9,True,碧水源,False
2024-12-10,117.82,119.411,114.108,114.284,1021856.0,602895040.0,6.1,6.19,5.89,5.9,True,碧水源,False
2024-12-11,113.577,115.345,113.4,114.461,502404.0,296920764.0,5.86,5.96,5.85,5.91,True,碧水源,False
2024-12-12,114.284,114.461,111.456,113.754,603132.0,354038484.0,5.9,5.91,5.74,5.87,True,碧水源,False
2024-12-13,113.4,113.4,109.865,110.041,594002.0,336205132.0,5.85,5.85,5.65,5.66,True,碧水源,False
2024-12-16,109.865,110.925,108.097,108.627,399728.0,223048224.0,5.65,5.71,5.55,5.58,True,碧水源,False
2024-12-17,108.45,108.981,105.622,105.975,413395.0,224473485.0,5.57,5.6,5.41,5.43,True,碧水源,False
2024-12-18,109.511,111.102,107.036,107.213,603186.0,331752300.0,5.63,5.72,5.49,5.5,True,碧水源,False
2024-12-19,105.445,107.743,104.738,107.213,377742.0,207758100.0,5.4,5.53,5.36,5.5,True,碧水源,False
2024-12-20,107.036,107.566,105.622,105.975,340886.0,185101098.0,5.49,5.52,5.41,5.43,True,碧水源,False
2024-12-23,105.799,105.975,103.677,103.677,338238.0,179266140.0,5.42,5.43,5.3,5.3,True,碧水源,False
2024-12-24,103.677,105.268,103.677,104.384,231569.0,123657846.0,5.3,5.39,5.3,5.34,True,碧水源,False
2024-12-25,104.384,104.561,101.556,102.793,358816.0,188378400.0,5.34,5.35,5.18,5.25,True,碧水源,False
2024-12-26,102.44,103.324,102.086,102.616,216343.0,113363732.0,5.23,5.28,5.21,5.24,True,碧水源,False
2024-12-27,103.147,104.915,102.793,103.677,277781.0,147223930.0,5.27,5.37,5.25,5.3,True,碧水源,False
2024-12-30,103.324,103.677,102.263,103.324,213473.0,112713744.0,5.28,5.3,5.22,5.28,True,碧水源,False
2024-12-31,103.324,104.384,99.257,99.434,390193.0,197437658.0,5.28,5.34,5.05,5.06,True,碧水源,False
2025-01-02,99.611,100.495,95.722,96.606,452214.0,221584860.00000003,5.07,5.12,4.85,4.9,True,碧水源,False
2025-01-03,96.606,97.313,93.777,93.954,387052.0,183849700.0,4.9,4.94,4.74,4.75,True,碧水源,False
2025-01-06,93.954,94.484,92.186,93.247,281704.0,132682584.0,4.75,4.78,4.65,4.71,True,碧水源,False
2025-01-07,93.423,94.838,92.363,94.661,240801.0,115343679.0,4.72,4.8,4.66,4.79,True,碧水源,False
2025-01-08,94.484,94.661,90.772,93.07,330574.0,155369780.0,4.78,4.79,4.57,4.7,True,碧水源,False
2025-01-09,92.716,93.6,92.363,93.07,212048.0,99662560.0,4.68,4.73,4.66,4.7,True,碧水源,False
2025-01-10,92.893,93.777,91.125,91.125,201611.0,92539449.0,4.69,4.74,4.59,4.59,True,碧水源,False
2025-01-13,90.241,91.832,89.181,91.656,260319.0,120267378.0,4.54,4.63,4.48,4.62,True,碧水源,False
2025-01-14,91.832,94.838,91.656,94.661,315171.0,150966909.0,4.63,4.8,4.62,4.79,True,碧水源,False
2025-01-15,94.661,95.015,93.07,93.6,235106.0,111205138.0,4.79,4.81,4.7,4.73,True,碧水源,False
2025-01-16,93.954,95.898,93.247,93.954,276055.0,131126125.0,4.75,4.86,4.71,4.75,True,碧水源,False
2025-01-17,93.6,94.484,92.716,94.131,208743.0,99361668.0,4.73,4.78,4.68,4.76,True,碧水源,False
2025-01-20,94.484,95.191,92.893,93.6,231563.0,109529299.0,4.78,4.82,4.69,4.73,True,碧水源,False
2025-01-21,94.131,94.307,92.54,93.247,206833.0,97418343.0,4.76,4.77,4.67,4.71,True,碧水源,False
2025-01-22,93.07,93.07,91.656,92.009,193121.0,89608144.0,4.7,4.7,4.62,4.64,True,碧水源,False
2025-01-23,92.716,94.661,92.186,92.363,327373.0,152555818.0,4.68,4.79,4.65,4.66,True,碧水源,False
2025-01-24,92.54,93.6,91.832,92.893,249354.0,116947026.0,4.67,4.73,4.63,4.69,True,碧水源,False
2025-01-27,92.716,94.131,91.656,91.656,266424.0,123087888.0,4.68,4.76,4.62,4.62,True,碧水源,False
2025-02-05,92.54,93.247,91.832,92.716,206409.0,96599412.0,4.67,4.71,4.63,4.68,True,碧水源,False
2025-02-06,92.716,94.661,92.009,94.307,273280.0,130354560.0,4.68,4.79,4.64,4.77,True,碧水源,False
2025-02-07,94.307,97.49,93.954,96.429,405648.0,198361872.0,4.77,4.95,4.75,4.89,True,碧水源,False
2025-02-10,96.606,97.313,96.252,96.959,280435.0,137974020.0,4.9,4.94,4.88,4.92,True,碧水源,False
2025-02-11,97.136,97.136,95.368,96.252,243357.0,118758216.0,4.93,4.93,4.83,4.88,True,碧水源,False
2025-02-12,96.075,97.313,95.722,97.313,244945.0,121002830.0,4.87,4.94,4.85,4.94,True,碧水源,False
2025-02-13,97.313,97.843,96.252,96.606,323305.0,158419450.0,4.94,4.97,4.88,4.9,True,碧水源,False
2025-02-14,96.429,97.136,95.368,95.898,283655.0,137856330.0,4.89,4.93,4.83,4.86,True,碧水源,False
2025-02-17,96.252,99.081,96.252,98.02,496350.0,247182300.00000003,4.88,5.04,4.88,4.98,True,碧水源,False
2025-02-18,97.666,97.843,94.484,94.838,373892.0,179468160.0,4.96,4.97,4.78,4.8,True,碧水源,False
2025-02-19,94.838,95.545,94.661,95.368,243835.0,117772305.0,4.8,4.84,4.79,4.83,True,碧水源,False
2025-02-20,95.368,95.368,93.954,94.661,263120.0,126034480.0,4.83,4.83,4.75,4.79,True,碧水源,False
2025-02-21,94.661,95.722,93.777,95.368,307356.0,148452948.0,4.79,4.85,4.74,4.83,True,碧水源,False
2025-02-24,95.898,100.495,95.898,97.136,646197.0,318575121.0,4.86,5.12,4.86,4.93,True,碧水源,False
2025-02-25,96.606,97.843,95.722,96.959,343989.0,169242588.0,4.9,4.97,4.85,4.92,True,碧水源,False
2025-02-26,96.606,97.49,96.606,97.136,268048.0,132147664.0,4.9,4.95,4.9,4.93,True,碧水源,False
2025-02-27,97.136,97.666,95.191,96.252,313062.0,152774256.0,4.93,4.96,4.82,4.88,True,碧水源,False
2025-02-28,96.075,96.429,94.307,94.484,313999.0,150091522.0,4.87,4.89,4.77,4.78,True,碧水源,False
2025-03-03,94.661,95.545,93.6,93.954,263714.0,125264150.0,4.79,4.84,4.73,4.75,True,碧水源,False
2025-03-04,93.423,94.131,92.363,93.954,272749.0,129555775.0,4.72,4.76,4.66,4.75,True,碧水源,False
2025-03-05,93.954,93.954,91.832,92.716,282411.0,132168348.0,4.75,4.75,4.63,4.68,True,碧水源,False
2025-03-06,93.07,94.838,92.893,94.661,329556.0,157857324.0,4.7,4.8,4.69,4.79,True,碧水源,False
2025-03-07,94.307,94.838,93.423,93.777,225171.0,106731054.0,4.77,4.8,4.72,4.74,True,碧水源,False
2025-03-10,93.423,95.898,93.07,94.307,320869.0,153054513.0,4.72,4.86,4.7,4.77,True,碧水源,False
2025-03-11,93.954,95.015,93.07,94.307,218423.0,104187771.0,4.75,4.81,4.7,4.77,True,碧水源,False
2025-03-12,94.661,94.838,93.6,93.777,214020.0,101445480.0,4.79,4.8,4.73,4.74,True,碧水源,False
2025-03-13,93.777,93.954,92.363,93.423,240636.0,113580192.0,4.74,4.75,4.66,4.72,True,碧水源,False
2025-03-14,93.247,95.545,92.716,95.368,436725.0,210938175.0,4.71,4.84,4.68,4.83,True,碧水源,False
2025-03-17,95.545,96.782,95.015,96.075,379979.0,185049773.0,4.84,4.91,4.81,4.87,True,碧水源,False
2025-03-18,96.252,96.782,95.545,95.722,245817.0,119221245.0,4.88,4.91,4.84,4.85,True,碧水源,False
2025-03-19,95.368,95.368,93.777,94.131,292094.0,139036744.0,4.83,4.83,4.74,4.76,True,碧水源,False
2025-03-20,94.307,94.838,93.777,94.131,184554.0,87847704.0,4.77,4.8,4.74,4.76,True,碧水源,False
2025-03-21,94.484,98.197,94.484,95.722,677300.0,328490500.0,4.78,4.99,4.78,4.85,True,碧水源,False
2025-03-24,95.898,98.904,94.307,97.313,741021.0,366064374.0,4.86,5.03,4.77,4.94,True,碧水源,False
2025-03-25,96.606,99.257,96.252,98.373,614625.0,307312500.0,4.9,5.05,4.88,5.0,True,碧水源,False
2025-03-26,98.02,98.02,97.136,97.313,413595.0,204315930.00000003,4.98,4.98,4.93,4.94,True,碧水源,False
2025-03-27,97.136,97.313,95.545,96.075,295182.0,143753634.0,4.93,4.94,4.84,4.87,True,碧水源,False
2025-03-28,96.075,96.959,94.838,95.545,267141.0,129296244.0,4.87,4.92,4.8,4.84,True,碧水源,False
2025-03-31,95.191,95.191,92.716,93.07,321027.0,150882690.0,4.82,4.82,4.68,4.7,True,碧水源,False
2025-04-01,93.423,93.954,93.07,93.6,202377.0,95724321.0,4.72,4.75,4.7,4.73,True,碧水源,False
2025-04-02,93.247,93.954,92.716,92.893,186426.0,87433794.0,4.71,4.75,4.68,4.69,True,碧水源,False
2025-04-03,92.363,94.131,91.832,93.6,239499.0,113283027.0,4.66,4.76,4.63,4.73,True,碧水源,False
2025-04-07,90.418,90.948,80.164,82.109,764209.0,311797272.0,4.55,4.58,3.97,4.08,True,碧水源,False
2025-04-08,83.7,86.882,83.523,85.468,544920.0,232680840.0,4.17,4.35,4.16,4.27,True,碧水源,False
2025-04-09,84.407,89.357,82.639,88.827,518724.0,231350904.0,4.21,4.49,4.11,4.46,True,碧水源,False
2025-04-10,90.064,90.418,88.65,88.65,342273.0,152311485.0,4.53,4.55,4.45,4.45,True,碧水源,False
2025-04-11,88.297,90.241,87.943,88.65,270644.0,120436580.0,4.43,4.54,4.41,4.45,True,碧水源,False
2025-04-14,90.241,90.241,88.65,89.004,204766.0,91530402.0,4.54,4.54,4.45,4.47,True,碧水源,False
2025-04-15,89.004,89.004,88.12,88.473,180759.0,80256996.0,4.47,4.47,4.42,4.44,True,碧水源,False
2025-04-16,88.297,89.004,87.236,88.827,206235.0,91980810.0,4.43,4.47,4.37,4.46,True,碧水源,False
2025-04-17,88.473,89.357,88.297,88.473,149958.0,66581352.00000001,4.44,4.49,4.43,4.44,True,碧水源,False
2025-04-18,88.297,88.827,87.766,88.473,134355.0,59653620.00000001,4.43,4.46,4.4,4.44,True,碧水源,False
2025-04-21,88.297,89.004,87.943,88.65,136902.0,60921390.0,4.43,4.47,4.41,4.45,True,碧水源,False
2025-04-22,88.473,89.357,88.297,89.181,139995.0,62717760.00000001,4.44,4.49,4.43,4.48,True,碧水源,False
2025-04-23,89.711,90.241,89.181,89.534,162654.0,73194300.0,4.51,4.54,4.48,4.5,True,碧水源,False
2025-04-24,89.534,89.711,88.65,89.181,143705.0,64379840.00000001,4.5,4.51,4.45,4.48,True,碧水源,False
2025-04-25,89.181,90.064,88.65,89.534,187492.0,84371400.0,4.48,4.53,4.45,4.5,True,碧水源,False
2025-04-28,89.888,89.888,87.589,87.943,210828.0,92975148.0,4.52,4.52,4.39,4.41,True,碧水源,False
2025-04-29,88.12,88.65,87.589,88.12,196663.0,86925046.0,4.42,4.45,4.39,4.42,True,碧水源,False
2025-04-30,88.297,89.004,88.12,88.297,161366.0,71485138.0,4.43,4.47,4.42,4.43,True,碧水源,False
2025-05-06,89.004,90.241,88.473,90.064,246631.0,111723843.0,4.47,4.54,4.44,4.53,True,碧水源,False
2025-05-07,90.595,93.423,90.418,92.009,500124.0,232057536.0,4.56,4.72,4.55,4.64,True,碧水源,False
2025-05-08,91.656,92.009,90.772,91.656,285958.0,132112596.0,4.62,4.64,4.57,4.62,True,碧水源,False
2025-05-09,91.479,91.832,90.241,90.418,186577.0,84892535.0,4.61,4.63,4.54,4.55,True,碧水源,False
2025-05-12,90.772,91.125,90.064,90.418,264040.0,120138200.0,4.57,4.59,4.53,4.55,True,碧水源,False
2025-05-13,91.125,91.302,89.888,90.418,214270.0,97492850.0,4.59,4.6,4.52,4.55,True,碧水源,False
2025-05-14,90.418,91.125,89.534,90.418,219726.0,99975330.0,4.55,4.59,4.5,4.55,True,碧水源,False
2025-05-15,90.418,90.418,89.004,89.004,203004.0,90742788.0,4.55,4.55,4.47,4.47,True,碧水源,False
2025-05-16,89.181,89.534,88.65,89.004,141795.0,63382365.0,4.48,4.5,4.45,4.47,True,碧水源,False
2025-05-19,88.827,89.888,88.473,89.711,192059.0,86618609.0,4.46,4.52,4.44,4.51,True,碧水源,False
2025-05-20,89.711,90.064,89.181,89.888,145893.0,65943635.99999999,4.51,4.53,4.48,4.52,True,碧水源,False
2025-05-21,89.711,89.888,89.357,89.534,127253.0,57263850.0,4.51,4.52,4.49,4.5,True,碧水源,False
2025-05-22,89.357,89.534,88.12,88.297,161237.0,71427991.0,4.49,4.5,4.42,4.43,True,碧水源,False
2025-05-23,88.473,88.827,87.059,87.059,155691.0,67881276.0,4.44,4.46,4.36,4.36,True,碧水源,False
2025-05-26,87.236,88.297,87.236,87.943,126781.0,55910421.0,4.37,4.43,4.37,4.41,True,碧水源,False
2025-05-27,88.014,88.544,87.483,88.367,118877.0,52662511.0,4.41,4.44,4.38,4.43,True,碧水源,False
2025-05-28,88.367,90.135,88.191,89.074,207446.0,92728362.0,4.43,4.53,4.42,4.47,True,碧水源,False
2025-05-29,88.898,90.135,88.544,90.135,202636.0,91794108.0,4.46,4.53,4.44,4.53,True,碧水源,False
2025-05-30,91.726,93.141,90.135,90.489,478469.0,217703395.0,4.62,4.7,4.53,4.55,True,碧水源,False
2025-06-03,89.428,89.958,89.074,89.605,280402.0,126180900.0,4.49,4.52,4.47,4.5,True,碧水源,False
2025-06-04,89.428,90.312,89.251,89.958,173432.0,78391264.0,4.49,4.54,4.48,4.52,True,碧水源,False
2025-06-05,89.958,90.135,89.251,89.782,154006.0,69456706.0,4.52,4.53,4.48,4.51,True,碧水源,False
2025-06-06,89.958,90.135,89.251,89.428,121655.0,54623095.0,4.52,4.53,4.48,4.49,True,碧水源,False
2025-06-09,89.782,90.135,89.428,89.782,147061.0,66324511.0,4.51,4.53,4.49,4.51,True,碧水源,False
2025-06-10,89.958,89.958,88.721,89.251,178358.0,79904384.00000001,4.52,4.52,4.45,4.48,True,碧水源,False
2025-06-11,89.251,90.312,88.898,90.135,202488.0,91727064.0,4.48,4.54,4.46,4.53,True,碧水源,False
2025-06-12,89.958,89.958,88.898,89.428,165148.0,74151452.0,4.52,4.52,4.46,4.49,True,碧水源,False
2025-06-13,89.251,89.428,88.191,88.367,207372.0,91865796.0,4.48,4.49,4.42,4.43,True,碧水源,False
2025-06-16,88.191,88.721,88.014,88.367,147240.0,65227319.99999999,4.42,4.45,4.41,4.43,True,碧水源,False
2025-06-17,88.367,88.721,88.014,88.544,123689.0,54917916.00000001,4.43,4.45,4.41,4.44,True,碧水源,False
2025-06-18,88.367,88.544,87.483,87.66,156756.0,68815884.0,4.43,4.44,4.38,4.39,True,碧水源,False
2025-06-19,87.483,87.66,86.423,86.599,183844.0,79604452.0,4.38,4.39,4.32,4.33,True,碧水源,False
2025-06-20,86.776,87.13,86.423,86.423,120785.0,52179120.0,4.34,4.36,4.32,4.32,True,碧水源,False
2025-06-23,86.246,87.307,86.246,87.13,144540.0,63019440.00000001,4.31,4.37,4.31,4.36,True,碧水源,False
2025-06-24,87.307,88.898,87.13,88.721,223645.0,99522025.0,4.37,4.46,4.36,4.45,True,碧水源,False
2025-06-25,88.721,89.782,88.367,89.782,234587.0,105798737.0,4.45,4.51,4.43,4.51,True,碧水源,False
2025-06-26,89.605,89.782,88.898,88.898,196640.0,87701440.0,4.5,4.51,4.46,4.46,True,碧水源,False
2025-06-27,89.958,90.666,89.251,89.251,249388.0,111725824.0,4.52,4.56,4.48,4.48,True,碧水源,False
2025-06-30,89.605,89.958,89.074,89.605,193554.0,87099300.0,4.5,4.52,4.47,4.5,True,碧水源,False
2025-07-01,89.605,89.782,88.898,89.428,172584.0,77490216.0,4.5,4.51,4.46,4.49,True,碧水源,False
2025-07-02,89.605,91.373,89.428,90.842,384684.0,175800588.0,4.5,4.6,4.49,4.57,True,碧水源,False
2025-07-03,90.666,90.842,89.958,90.312,196600.0,89256400.0,4.56,4.57,4.52,4.54,True,碧水源,False
2025-07-04,90.135,90.842,89.428,89.605,222923.0,100315350.0,4.53,4.57,4.49,4.5,True,碧水源,False
2025-07-07,89.605,89.958,89.428,89.782,150567.0,67905717.0,4.5,4.52,4.49,4.51,True,碧水源,False
2025-07-08,89.958,90.666,89.782,90.489,251808.0,114572640.0,4.52,4.56,4.51,4.55,True,碧水源,False
2025-07-09,90.489,91.55,90.312,90.489,315045.0,143345475.0,4.55,4.61,4.54,4.55,True,碧水源,False
2025-07-10,90.312,91.373,90.135,91.373,302192.0,139008320.0,4.54,4.6,4.53,4.6,True,碧水源,False
2025-07-11,91.373,91.903,90.666,91.373,280950.0,129237000.0,4.6,4.63,4.56,4.6,True,碧水源,False
2025-07-14,91.55,91.726,91.019,91.019,221627.0,101505166.0,4.61,4.62,4.58,4.58,True,碧水源,False
2025-07-15,91.196,91.196,89.251,89.782,353200.0,159293200.0,4.59,4.59,4.48,4.51,True,碧水源,False
2025-07-16,89.958,90.312,89.428,89.782,179869.0,81120919.0,4.52,4.54,4.49,4.51,True,碧水源,False
2025-07-17,89.605,89.958,89.251,89.782,225478.0,101690578.0,4.5,4.52,4.48,4.51,True,碧水源,False
2025-07-18,89.958,90.312,89.605,89.958,262841.0,118804132.0,4.52,4.54,4.5,4.52,True,碧水源,False
2025-07-21,92.787,95.792,92.08,92.433,1380879.0,643489614.0,4.68,4.85,4.64,4.66,True,碧水源,False
2025-07-22,93.494,95.792,91.903,95.262,1293393.0,623415426.0,4.72,4.85,4.63,4.82,True,碧水源,False
2025-07-23,96.146,96.676,93.848,93.848,825229.0,391158546.0,4.87,4.9,4.74,4.74,True,碧水源,False
2025-07-24,93.494,95.085,93.141,94.908,765058.0,367227840.0,4.72,4.81,4.7,4.8,True,碧水源,False
2025-07-25,94.732,95.085,93.848,94.025,599042.0,284544950.0,4.79,4.81,4.74,4.75,True,碧水源,False
2025-07-28,93.848,94.025,92.787,93.141,437648.0,205694560.0,4.74,4.75,4.68,4.7,True,碧水源,False
2025-07-29,93.317,96.5,93.317,94.732,850644.0,407458476.0,4.71,4.89,4.71,4.79,True,碧水源,False
2025-07-30,94.201,94.908,93.317,94.025,503792.0,239301200.0,4.76,4.8,4.71,4.75,True,碧水源,False
2025-07-31,94.025,94.201,91.55,91.903,511003.0,236594389.0,4.75,4.76,4.61,4.63,True,碧水源,False
2025-08-01,92.08,92.257,91.196,91.726,300591.0,138873042.0,4.64,4.65,4.59,4.62,True,碧水源,False
2025-08-04,91.196,91.373,90.489,91.196,285626.0,131102334.0,4.59,4.6,4.55,4.59,True,碧水源,False
2025-08-05,91.373,91.726,91.019,91.373,302505.0,139152300.0,4.6,4.62,4.58,4.6,True,碧水源,False
2025-08-06,91.373,91.903,90.666,91.726,283582.0,131014884.0,4.6,4.63,4.56,4.62,True,碧水源,False
2025-08-07,91.726,91.726,90.842,91.196,246022.0,112924098.0,4.62,4.62,4.57,4.59,True,碧水源,False
2025-08-08,91.019,91.726,90.842,91.726,232669.0,107493078.0,4.58,4.62,4.57,4.62,True,碧水源,False
2025-08-11,91.55,92.257,91.196,92.257,333633.0,155139345.0,4.61,4.65,4.59,4.65,True,碧水源,False
2025-08-12,91.903,92.08,91.196,91.373,312513.0,143755980.0,4.63,4.64,4.59,4.6,True,碧水源,False
2025-08-13,91.55,91.903,91.196,91.726,289417.0,133710654.0,4.61,4.63,4.59,4.62,True,碧水源,False
2025-08-14,91.726,92.08,90.666,90.842,406854.0,185932278.0,4.62,4.64,4.56,4.57,True,碧水源,False
2025-08-15,90.842,93.671,90.666,93.141,641523.0,301515810.0,4.57,4.73,4.56,4.7,True,碧水源,False
2025-08-18,93.141,93.848,92.61,93.141,525364.0,246921080.0,4.7,4.74,4.67,4.7,True,碧水源,False
2025-08-19,93.141,93.494,92.433,92.787,412186.0,192903048.0,4.7,4.72,4.66,4.68,True,碧水源,False
2025-08-20,92.433,93.671,92.257,93.671,360922.0,170716106.00000003,4.66,4.73,4.65,4.73,True,碧水源,False
2025-08-21,93.848,94.025,92.964,93.494,363596.0,171617312.0,4.74,4.75,4.69,4.72,True,碧水源,False
2025-08-22,93.317,93.848,92.787,93.848,372403.0,176519022.0,4.71,4.74,4.68,4.74,True,碧水源,False
2025-08-25,94.025,95.262,93.848,94.378,597910.0,285203070.0,4.75,4.82,4.74,4.77,True,碧水源,False
2025-08-26,94.555,95.085,94.025,94.555,397478.0,189994484.0,4.78,4.81,4.75,4.78,True,碧水源,False
2025-08-27,94.732,94.908,92.433,92.787,530861.0,248442948.0,4.79,4.8,4.66,4.68,True,碧水源,False
2025-08-28,91.373,91.903,89.074,91.019,779270.0,356905660.0,4.6,4.63,4.47,4.58,True,碧水源,False
2025-08-29,91.019,91.196,90.135,90.312,383403.0,174064962.0,4.58,4.59,4.53,4.54,True,碧水源,False
2025-09-01,90.135,90.489,89.251,89.958,411433.0,185967716.0,4.53,4.55,4.48,4.52,True,碧水源,False
2025-09-02,89.958,89.958,88.544,89.074,412713.0,184482711.0,4.52,4.52,4.44,4.47,True,碧水源,False
2025-09-03,89.251,89.428,87.837,88.014,363343.0,160234263.0,4.48,4.49,4.4,4.41,True,碧水源,False
2025-09-04,88.014,88.367,87.307,88.014,355464.0,156759624.0,4.41,4.43,4.37,4.41,True,碧水源,False
2025-09-05,88.014,88.898,87.307,88.898,282624.0,126050304.0,4.41,4.46,4.37,4.46,True,碧水源,False
2025-09-08,88.544,89.605,88.544,89.074,343296.0,153453312.0,4.44,4.5,4.44,4.47,True,碧水源,False
2025-09-09,88.898,89.074,87.66,88.014,336098.0,148219218.0,4.46,4.47,4.39,4.41,True,碧水源,False
2025-09-10,88.191,88.367,87.66,88.014,220926.0,97428366.0,4.42,4.43,4.39,4.41,True,碧水源,False
2025-09-11,88.191,89.251,87.483,89.251,352000.0,157696000.00000003,4.42,4.48,4.38,4.48,True,碧水源,False
2025-09-12,89.251,89.782,88.898,89.074,364436.0,162902892.0,4.48,4.51,4.46,4.47,True,碧水源,False
2025-09-15,88.898,89.605,88.191,88.367,298058.0,132039694.0,4.46,4.5,4.42,4.43,True,碧水源,False
2025-09-16,88.544,89.605,88.544,89.428,352226.0,158149474.0,4.44,4.5,4.44,4.49,True,碧水源,False
2025-09-17,89.074,90.135,88.721,89.428,405130.0,181903370.0,4.47,4.53,4.45,4.49,True,碧水源,False
2025-09-18,89.428,89.605,88.014,88.367,427324.0,189304532.0,4.49,4.5,4.41,4.43,True,碧水源,False
2025-09-19,88.191,88.721,87.307,87.66,321885.0,141307515.0,4.42,4.45,4.37,4.39,True,碧水源,False
2025-09-22,87.837,87.837,86.776,87.307,231826.0,101307962.0,4.4,4.4,4.34,4.37,True,碧水源,False
2025-09-23,87.307,87.307,85.185,86.069,330715.0,142207450.0,4.37,4.37,4.25,4.3,True,碧水源,False
2025-09-24,86.069,86.776,85.716,86.776,205377.0,89133618.0,4.3,4.34,4.28,4.34,True,碧水源,False
2025-09-25,86.599,87.483,86.069,87.307,284825.0,124468525.0,4.33,4.38,4.3,4.37,True,碧水源,False
2025-09-26,86.953,87.837,86.599,87.13,198155.0,86395580.0,4.35,4.4,4.33,4.36,True,碧水源,False
2025-09-29,87.13,88.014,86.069,87.837,275773.0,121340120.0,4.36,4.41,4.3,4.4,True,碧水源,False
2025-09-30,87.837,88.191,87.13,87.307,227678.0,99495286.0,4.4,4.42,4.36,4.37,True,碧水源,False
2025-10-09,87.483,88.014,87.307,87.837,267892.0,117872480.0,4.38,4.41,4.37,4.4,True,碧水源,False
2025-10-10,87.66,88.721,87.307,88.191,342761.0,151500362.0,4.39,4.45,4.37,4.42,True,碧水源,False
2025-10-13,86.776,88.014,85.892,87.66,342756.0,150469884.0,4.34,4.41,4.29,4.39,True,碧水源,False
2025-10-14,87.66,88.367,87.13,87.307,296679.0,129648723.0,4.39,4.43,4.36,4.37,True,碧水源,False
2025-10-15,87.307,87.66,87.13,87.66,227468.0,99858452.0,4.37,4.39,4.36,4.39,True,碧水源,False
2025-10-16,87.483,87.66,86.423,86.599,255744.0,110737152.0,4.38,4.39,4.32,4.33,True,碧水源,False
2025-10-17,86.423,86.953,85.716,86.246,225333.0,97118523.0,4.32,4.35,4.28,4.31,True,碧水源,False
2025-10-20,86.246,86.423,85.539,86.069,213489.0,91800270.0,4.31,4.32,4.27,4.3,True,碧水源,False
2025-10-21,86.069,87.307,85.892,86.953,277431.0,120682485.0,4.3,4.37,4.29,4.35,True,碧水源,False
2025-10-22,86.776,87.13,86.599,86.776,189965.0,82444810.0,4.34,4.36,4.33,4.34,True,碧水源,False
2025-10-23,86.776,88.367,86.069,88.014,404781.0,178508421.0,4.34,4.43,4.3,4.41,True,碧水源,False
2025-10-24,87.837,88.014,87.13,87.483,224102.0,98156676.0,4.4,4.41,4.36,4.38,True,碧水源,False
2025-10-27,87.483,88.721,87.307,88.367,328542.0,145544106.0,4.38,4.45,4.37,4.43,True,碧水源,False
2025-10-28,88.014,88.544,87.483,87.483,285179.0,124908402.0,4.41,4.44,4.38,4.38,True,碧水源,False
2025-10-29,87.483,88.014,86.423,87.837,303455.0,133520200.0,4.38,4.41,4.32,4.4,True,碧水源,False
2025-10-30,87.837,87.837,86.953,86.953,219217.0,95359395.0,4.4,4.4,4.35,4.35,True,碧水源,False
2025-10-31,86.953,87.483,86.776,87.13,202484.0,88283024.0,4.35,4.38,4.34,4.36,True,碧水源,False
2025-11-03,87.307,88.014,87.13,87.837,252322.0,111021680.0,4.37,4.41,4.36,4.4,True,碧水源,False
2025-11-04,87.837,88.544,87.66,88.367,316689.0,140293227.0,4.4,4.44,4.39,4.43,True,碧水源,False
2025-11-05,88.014,88.898,87.66,88.721,296111.0,131769395.0,4.41,4.46,4.39,4.45,True,碧水源,False
2025-11-06,88.721,88.898,88.191,88.367,274302.0,121515786.0,4.45,4.46,4.42,4.43,True,碧水源,False
2025-11-07,88.367,90.666,88.191,89.251,558248.0,250095104.00000003,4.43,4.56,4.42,4.48,True,碧水源,False
2025-11-10,89.605,89.605,88.721,89.074,308868.0,138063996.0,4.5,4.5,4.45,4.47,True,碧水源,False
2025-11-11,89.074,89.958,88.721,89.428,371069.0,166609981.0,4.47,4.52,4.45,4.49,True,碧水源,False
2025-11-12,89.251,89.428,88.367,88.721,284891.0,126776495.0,4.48,4.49,4.43,4.45,True,碧水源,False
2025-11-13,88.898,89.074,88.367,89.074,241373.0,107893731.0,4.46,4.47,4.43,4.47,True,碧水源,False
2025-11-14,88.721,89.428,88.721,88.898,249087.0,111092802.0,4.45,4.49,4.45,4.46,True,碧水源,False
2025-11-17,88.898,89.782,88.544,89.782,350452.0,158053852.0,4.46,4.51,4.44,4.51,True,碧水源,False
2025-11-18,89.782,89.782,88.191,88.544,337745.0,149958780.0,4.51,4.51,4.42,4.44,True,碧水源,False
2025-11-19,88.367,88.721,87.483,87.837,234725.0,103279000.0,4.43,4.45,4.38,4.4,True,碧水源,False
2025-11-20,88.014,90.666,87.66,88.721,625646.0,278412470.0,4.41,4.56,4.39,4.45,True,碧水源,False
2025-11-21,88.014,88.544,85.539,85.716,516671.0,221135188.0,4.41,4.44,4.27,4.28,True,碧水源,False
2025-11-24,85.716,86.069,84.832,85.362,295784.0,126003984.0,4.28,4.3,4.23,4.26,True,碧水源,False
2025-11-25,85.362,85.892,85.008,85.362,215703.0,91889478.0,4.26,4.29,4.24,4.26,True,碧水源,False
2025-11-26,85.362,85.716,84.832,84.832,218499.0,92425077.0,4.26,4.28,4.23,4.23,True,碧水源,False
2025-11-27,84.832,85.008,84.478,84.655,158083.0,66711025.99999999,4.23,4.24,4.21,4.22,True,碧水源,False
2025-11-28,84.832,85.892,84.478,85.539,183868.0,78511635.99999999,4.23,4.29,4.21,4.27,True,碧水源,False
2025-12-01,85.185,85.716,85.008,85.539,190053.0,81152630.99999999,4.25,4.28,4.24,4.27,True,碧水源,False
2025-12-02,85.539,85.539,84.832,85.185,168719.0,71705575.0,4.27,4.27,4.23,4.25,True,碧水源,False
2025-12-03,85.008,85.362,83.948,84.301,230934.0,96992280.0,4.24,4.26,4.18,4.2,True,碧水源,False
2025-12-04,84.124,84.478,82.71,83.241,226352.0,93709728.0,4.19,4.21,4.11,4.14,True,碧水源,False
2025-12-05,83.417,84.124,82.887,83.948,171131.0,71532758.0,4.15,4.19,4.12,4.18,True,碧水源,False
2025-12-08,83.948,84.478,83.417,83.594,204187.0,84941792.0,4.18,4.21,4.15,4.16,True,碧水源,False
2025-12-09,83.594,83.771,82.533,82.71,216728.0,89075208.0,4.16,4.17,4.1,4.11,True,碧水源,False
2025-12-10,82.533,82.71,81.473,82.18,328131.0,133877448.0,4.1,4.11,4.04,4.08,True,碧水源,False
2025-12-11,82.18,82.18,80.412,80.412,385541.0,153445318.0,4.08,4.08,3.98,3.98,True,碧水源,False
2025-12-12,80.765,80.765,79.882,80.412,539047.0,214540706.0,4.0,4.0,3.95,3.98,True,碧水源,False
2025-12-15,80.058,80.589,79.528,79.705,330083.0,130052702.0,3.96,3.99,3.93,3.94,True,碧水源,False
2025-12-16,79.882,79.882,78.29,78.821,316890.0,123270210.0,3.95,3.95,3.86,3.89,True,碧水源,False
2025-12-17,78.644,79.351,77.937,79.174,287666.0,112477406.0,3.88,3.92,3.84,3.91,True,碧水源,False
2025-12-18,78.821,79.705,78.644,78.998,265939.0,103716210.0,3.89,3.94,3.88,3.9,True,碧水源,False
2025-12-19,78.998,80.058,78.821,79.882,231228.0,91335060.0,3.9,3.96,3.89,3.95,True,碧水源,False
2025-12-22,80.235,80.412,79.351,79.705,301950.0,118968300.0,3.97,3.98,3.92,3.94,True,碧水源,False
2025-12-23,79.705,79.882,78.998,79.174,190875.0,74632125.0,3.94,3.95,3.9,3.91,True,碧水源,False
2025-12-24,79.174,80.058,78.998,79.882,208562.0,82381990.0,3.91,3.96,3.9,3.95,True,碧水源,False
2025-12-25,79.882,80.412,79.528,80.058,171539.0,67929444.0,3.95,3.98,3.93,3.96,True,碧水源,False
2025-12-26,80.058,80.412,79.882,80.235,188662.0,74898814.0,3.96,3.98,3.95,3.97,True,碧水源,False
2025-12-29,80.235,80.412,79.351,79.705,210681.0,83008314.0,3.97,3.98,3.92,3.94,True,碧水源,False
2025-12-30,79.528,80.058,78.821,79.351,189710.0,74366320.0,3.93,3.96,3.89,3.92,True,碧水源,False
2025-12-31,79.528,79.705,79.174,79.351,145816.0,57159872.0,3.93,3.94,3.91,3.92,True,碧水源,False
2026-01-05,79.351,80.058,79.174,79.882,286517.0,113174215.0,3.92,3.96,3.91,3.95,True,碧水源,False
2026-01-06,79.882,81.296,79.705,81.119,375961.0,151136321.99999997,3.95,4.03,3.94,4.02,True,碧水源,False
2026-01-07,80.942,81.296,80.412,80.412,245943.0,97885314.0,4.01,4.03,3.98,3.98,True,碧水源,False
2026-01-08,80.412,81.296,80.235,80.942,237073.0,95066273.0,3.98,4.03,3.97,4.01,True,碧水源,False
2026-01-09,80.942,81.649,80.765,81.649,281479.0,113998995.0,4.01,4.05,4.0,4.05,True,碧水源,False
2026-01-12,81.649,82.18,81.296,82.18,417118.0,170184144.0,4.05,4.08,4.03,4.08,True,碧水源,False
2026-01-13,82.18,82.533,81.296,81.826,394541.0,160183645.99999997,4.08,4.1,4.03,4.06,True,碧水源,False
2026-01-14,81.826,82.887,81.296,81.649,450252.0,182352060.0,4.06,4.12,4.03,4.05,True,碧水源,False
2026-01-15,81.473,81.826,81.119,81.473,301196.0,121683184.0,4.04,4.06,4.02,4.04,True,碧水源,False
2026-01-16,81.649,82.887,81.296,81.649,475383.0,192530115.0,4.05,4.12,4.03,4.05,True,碧水源,False
2026-01-19,81.473,82.18,80.942,81.826,260611.0,105808066.0,4.04,4.08,4.01,4.06,True,碧水源,False
2026-01-20,81.826,82.71,81.649,82.71,370305.0,152195355.0,4.06,4.11,4.05,4.11,True,碧水源,False
2026-01-21,82.533,82.71,82.003,82.533,288384.0,118237440.0,4.1,4.11,4.07,4.1,True,碧水源,False
2026-01-22,82.71,83.241,82.357,83.064,296921.0,122628373.0,4.11,4.14,4.09,4.13,True,碧水源,False
2026-01-23,83.064,83.417,82.887,83.417,309203.0,128319245.0,4.13,4.15,4.12,4.15,True,碧水源,False
2026-01-26,83.241,83.594,82.003,82.533,428486.0,175679259.99999997,4.14,4.16,4.07,4.1,True,碧水源,False
2026-01-27,82.18,82.533,80.942,82.003,398993.0,162390151.0,4.08,4.1,4.01,4.07,True,碧水源,False
2026-01-28,81.826,82.71,81.649,82.18,350944.0,143185152.0,4.06,4.11,4.05,4.08,True,碧水源,False
2026-01-29,82.003,83.064,81.649,82.71,394174.0,162005514.0,4.07,4.13,4.05,4.11,True,碧水源,False
2026-01-30,82.357,82.533,80.589,81.296,479150.0,193097450.0,4.09,4.1,3.99,4.03,True,碧水源,False
2026-02-02,80.765,81.649,80.058,80.412,436229.0,173619142.0,4.0,4.05,3.96,3.98,True,碧水源,False
2026-02-03,81.296,82.003,80.765,81.296,321652.0,129625756.0,4.03,4.07,4.0,4.03,True,碧水源,False
2026-02-04,81.119,82.357,80.942,82.18,412087.0,168131496.0,4.02,4.09,4.01,4.08,True,碧水源,False
2026-02-05,82.003,82.18,81.119,81.296,282443.0,113824529.0,4.07,4.08,4.02,4.03,True,碧水源,False
2026-02-06,81.119,82.18,80.942,81.649,336607.0,136325835.0,4.02,4.08,4.01,4.05,True,碧水源,False
2026-02-09,82.003,82.357,81.826,82.18,262163.0,106962504.0,4.07,4.09,4.06,4.08,True,碧水源,False
2026-02-10,82.18,82.533,81.826,82.18,278701.0,113710008.0,4.08,4.1,4.06,4.08,True,碧水源,False
2026-02-11,82.003,82.357,81.649,81.826,251563.0,102134578.0,4.07,4.09,4.05,4.06,True,碧水源,False
2026-02-12,81.826,82.003,81.119,81.296,266190.0,107274570.0,4.06,4.07,4.02,4.03,True,碧水源,False
2026-02-13,81.119,81.473,80.412,80.412,271394.0,108014812.0,4.02,4.04,3.98,3.98,True,碧水源,False
2026-02-24,80.942,82.18,80.765,81.649,376779.0,152595495.0,4.01,4.08,4.0,4.05,True,碧水源,False
2026-02-25,81.826,84.124,81.649,83.594,681447.0,283481952.0,4.06,4.19,4.05,4.16,True,碧水源,False
2026-02-26,83.594,84.655,82.533,84.124,650520.0,272567880.0,4.16,4.22,4.1,4.19,True,碧水源,False
2026-02-27,84.301,85.539,83.594,84.655,693016.0,292452752.0,4.2,4.27,4.16,4.22,True,碧水源,False
2026-03-02,83.417,84.301,82.71,83.064,592988.0,244904044.0,4.15,4.2,4.11,4.13,True,碧水源,False
2026-03-03,83.241,83.594,81.296,81.649,562729.0,227905245.0,4.14,4.16,4.03,4.05,True,碧水源,False
2026-03-04,81.119,81.826,80.058,80.412,524667.0,208817466.0,4.02,4.06,3.96,3.98,True,碧水源,False
2026-03-05,81.296,82.887,81.119,82.18,602856.0,245965248.0,4.03,4.12,4.02,4.08,True,碧水源,False
2026-03-06,82.18,84.655,81.649,83.771,628785.0,262203345.0,4.08,4.22,4.05,4.17,True,碧水源,False
2026-03-09,83.417,86.069,83.417,84.655,875539.0,369477458.0,4.15,4.3,4.15,4.22,True,碧水源,False
2026-03-10,84.124,85.539,83.771,84.478,612889.0,258026269.0,4.19,4.27,4.17,4.21,True,碧水源,False
2026-03-11,84.832,85.892,83.771,85.716,713363.0,305319364.0,4.23,4.29,4.17,4.28,True,碧水源,False
2026-03-12,85.716,86.069,84.655,85.185,539613.0,229335525.0,4.28,4.3,4.22,4.25,True,碧水源,False
2026-03-13,84.832,86.423,84.301,85.185,679822.0,288924350.0,4.23,4.32,4.2,4.25,True,碧水源,False
2026-03-16,85.539,85.892,83.771,84.301,542453.0,227830260.0,4.27,4.29,4.17,4.2,True,碧水源,False
2026-03-17,84.478,84.832,83.241,83.241,393852.0,163054728.0,4.21,4.23,4.14,4.14,True,碧水源,False
2026-03-18,83.241,83.594,82.357,82.887,348524.0,143591888.0,4.14,4.16,4.09,4.12,True,碧水源,False
2026-03-19,82.18,83.064,81.473,81.649,376430.0,152454150.0,4.08,4.13,4.04,4.05,True,碧水源,False
2026-03-20,81.649,82.71,80.589,80.589,526166.0,209940234.0,4.05,4.11,3.99,3.99,True,碧水源,False
2026-03-23,79.882,80.058,76.346,77.053,683295.0,258968805.0,3.95,3.96,3.75,3.79,True,碧水源,False
2026-03-24,78.29,79.351,77.053,79.351,492030.0,192875760.0,3.86,3.92,3.79,3.92,True,碧水源,False
2026-03-25,79.174,82.71,78.821,81.826,610948.0,248044888.0,3.91,4.11,3.89,4.06,True,碧水源,False
2026-03-26,82.003,82.18,79.882,80.058,448208.0,177490368.0,4.07,4.08,3.95,3.96,True,碧水源,False
2026-03-27,79.351,80.412,78.998,80.235,321617.0,127681949.0,3.92,3.98,3.9,3.97,True,碧水源,False
2026-03-30,79.174,80.235,78.467,79.882,300461.0,118682095.0,3.91,3.97,3.87,3.95,True,碧水源,False
2026-03-31,79.882,80.942,78.644,78.821,334962.0,130300218.0,3.95,4.01,3.88,3.89,True,碧水源,False
2026-04-01,80.058,80.765,78.998,79.705,295208.0,116311952.0,3.96,4.0,3.9,3.94,True,碧水源,False
2026-04-02,79.351,79.705,78.29,78.644,271330.0,105276040.0,3.92,3.94,3.86,3.88,True,碧水源,False
2026-04-03,78.467,78.821,76.876,77.23,299510.0,113813800.0,3.87,3.89,3.78,3.8,True,碧水源,False
2026-04-07,77.23,77.937,76.876,77.937,226379.0,86929536.0,3.8,3.84,3.78,3.84,True,碧水源,False
2026-04-08,79.174,80.058,78.821,79.882,367284.0,145077180.0,3.91,3.96,3.89,3.95,True,碧水源,False
2026-04-09,79.351,80.589,78.821,78.821,286079.0,111284731.0,3.92,3.99,3.89,3.89,True,碧水源,False
2026-04-10,79.174,79.882,78.998,79.351,257851.0,101077592.0,3.91,3.95,3.9,3.92,True,碧水源,False
2026-04-13,78.998,80.235,78.644,80.058,349120.0,138251520.0,3.9,3.97,3.88,3.96,True,碧水源,False
2026-04-14,81.826,85.185,81.473,83.948,1439447.0,601688846.0,4.06,4.25,4.04,4.18,True,碧水源,False
2026-04-15,83.771,84.124,81.649,82.003,707229.0,287842203.0,4.17,4.19,4.05,4.07,True,碧水源,False
2026-04-16,81.649,82.003,81.296,81.826,386563.0,156944577.99999997,4.05,4.07,4.03,4.06,True,碧水源,False
2026-04-17,81.649,82.003,80.942,81.119,366063.0,147157325.99999997,4.05,4.07,4.01,4.02,True,碧水源,False
2026-04-20,81.296,83.948,80.942,82.887,523132.0,215530384.0,4.03,4.18,4.01,4.12,True,碧水源,False
2026-04-21,82.533,82.71,81.473,82.003,279712.0,113842784.0,4.1,4.11,4.04,4.07,True,碧水源,False
2026-04-22,82.003,82.357,81.649,82.003,226494.0,92183058.0,4.07,4.09,4.05,4.07,True,碧水源,False
2026-04-23,82.003,82.357,81.119,81.473,317359.0,128213036.0,4.07,4.09,4.02,4.04,True,碧水源,False
2026-04-24,81.296,82.357,80.765,82.18,387084.0,157930272.0,4.03,4.09,4.0,4.08,True,碧水源,False
2026-04-27,81.826,82.533,80.765,82.357,387292.0,158402428.0,4.06,4.1,4.0,4.09,True,碧水源,False
2026-04-28,81.296,81.473,78.644,79.351,786759.0,308409528.0,4.03,4.04,3.88,3.92,True,碧水源,False
2026-04-29,79.174,80.589,78.998,80.058,417990.0,165524040.0,3.91,3.99,3.9,3.96,True,碧水源,False
2026-04-30,79.882,80.058,78.998,79.351,344296.0,134964032.0,3.95,3.96,3.9,3.92,True,碧水源,False
2026-05-06,79.528,80.058,79.351,79.705,400448.0,157776512.0,3.93,3.96,3.92,3.94,True,碧水源,False
2026-05-07,79.705,80.058,78.998,79.174,371873.0,145402343.0,3.94,3.96,3.9,3.91,True,碧水源,False
2026-05-08,78.998,79.528,78.644,79.351,329222.0,129055024.0,3.9,3.93,3.88,3.92,True,碧水源,False
2026-05-11,79.174,79.528,78.821,79.351,356464.0,139733888.0,3.91,3.93,3.89,3.92,True,碧水源,False
2026-05-12,79.174,79.351,78.29,78.467,346618.0,134141166.0,3.91,3.92,3.86,3.87,True,碧水源,False
2026-05-13,78.467,78.998,78.29,78.644,258330.0,100232040.0,3.87,3.9,3.86,3.88,True,碧水源,False
2026-05-14,78.644,78.644,77.053,77.23,457566.0,173875080.0,3.88,3.88,3.79,3.8,True,碧水源,False
2026-05-15,77.053,77.407,76.169,76.346,311020.0,116632500.0,3.79,3.81,3.74,3.75,True,碧水源,False
2026-05-18,75.992,76.346,75.285,75.992,292044.0,108932412.0,3.73,3.75,3.69,3.73,True,碧水源,False
2026-05-19,75.992,76.876,75.639,76.876,280587.0,106061886.0,3.73,3.78,3.71,3.78,True,碧水源,False
2026-05-20,76.876,76.876,74.932,75.462,331470.0,122643900.0,3.78,3.78,3.67,3.7,True,碧水源,False
2026-05-21,75.462,76.169,74.401,74.401,262033.0,95380012.0,3.7,3.74,3.64,3.64,True,碧水源,False
2026-05-22,74.755,75.108,74.048,74.224,239849.0,87065187.0,3.66,3.68,3.62,3.63,True,碧水源,False
2026-05-25,74.224,74.755,74.048,74.755,260382.0,95299812.0,3.63,3.66,3.62,3.66,True,碧水源,False
2026-05-26,74.401,74.578,72.987,73.694,292352.0,105246720.0,3.64,3.65,3.56,3.6,True,碧水源,False
2026-05-27,73.517,74.048,71.749,72.28,308706.0,108664512.0,3.59,3.62,3.49,3.52,True,碧水源,False
2026-05-28,72.28,72.81,71.396,72.103,240636.0,84463236.0,3.52,3.55,3.47,3.51,True,碧水源,False
2026-05-29,72.28,73.164,72.103,72.28,313192.0,110243584.0,3.52,3.57,3.51,3.52,True,碧水源,False
2026-06-01,72.456,73.694,72.28,73.517,388442.0,139450678.0,3.53,3.6,3.52,3.59,True,碧水源,False
2026-06-02,73.34,73.694,72.103,72.28,300266.0,105693632.0,3.58,3.6,3.51,3.52,True,碧水源,False
2026-06-03,72.28,72.456,71.573,71.749,246664.0,86085736.0,3.52,3.53,3.48,3.49,True,碧水源,False
2026-06-04,71.749,72.28,70.512,70.689,263768.0,90472424.0,3.49,3.52,3.42,3.43,True,碧水源,False
2026-06-05,70.865,72.28,70.689,71.573,299778.0,104322744.0,3.44,3.52,3.43,3.48,True,碧水源,False
2026-06-08,70.689,71.396,69.628,69.805,323602.0,109377476.0,3.43,3.47,3.37,3.38,True,碧水源,False
2026-06-09,69.981,70.865,69.628,70.512,252680.0,86416560.0,3.39,3.44,3.37,3.42,True,碧水源,False
2026-06-10,70.335,76.169,69.628,74.578,631085.0,230346025.0,3.41,3.74,3.37,3.65,True,碧水源,False
2026-06-11,73.517,73.694,71.396,71.749,475515.0,165954735.0,3.59,3.6,3.47,3.49,True,碧水源,False
2026-06-12,71.749,72.81,70.865,72.633,543947.0,192557238.0,3.49,3.55,3.44,3.54,True,碧水源,False
2026-06-15,72.81,73.517,71.042,71.573,572379.0,199187892.0,3.55,3.59,3.45,3.48,True,碧水源,False
2026-06-16,71.396,71.396,70.335,71.042,331497.0,114366465.0,3.47,3.47,3.41,3.45,True,碧水源,False
2026-06-17,70.689,70.689,69.628,70.512,350658.0,119925036.0,3.43,3.43,3.37,3.42,True,碧水源,False
2026-06-18,70.335,71.042,69.274,69.628,308503.0,103965511.0,3.41,3.45,3.35,3.37,True,碧水源,False
2026-06-22,69.451,70.335,67.506,70.158,422971.0,143810140.0,3.36,3.41,3.25,3.4,True,碧水源,False
2026-06-23,69.805,71.219,69.451,69.805,321964.0,108823832.0,3.38,3.46,3.36,3.38,True,碧水源,False
2026-06-24,69.981,70.158,67.683,68.037,329923.0,108214744.0,3.39,3.4,3.26,3.28,True,碧水源,False
2026-06-25,67.86,68.39,66.976,67.506,287018.0,93280850.0,3.27,3.3,3.22,3.25,True,碧水源,False
2026-06-26,67.577,68.108,66.516,66.693,312323.0,99943360.0,3.25,3.28,3.19,3.2,True,碧水源,False
2026-06-29,66.693,67.577,65.632,66.87,305389.0,98029869.0,3.2,3.25,3.14,3.21,True,碧水源,False
2026-06-30,66.693,67.224,65.986,66.516,297479.0,94895801.0,3.2,3.23,3.16,3.19,True,碧水源,False
2026-07-01,66.516,68.284,66.163,67.754,376142.0,122622292.0,3.19,3.29,3.17,3.26,True,碧水源,False
2026-07-02,67.754,70.759,67.577,68.461,476271.0,157169430.0,3.26,3.43,3.25,3.3,True,碧水源,False
2026-07-03,68.461,69.345,68.108,68.638,287328.0,95105568.0,3.3,3.35,3.28,3.31,True,碧水源,False
2026-07-06,68.638,69.168,68.284,68.815,297248.0,98686336.0,3.31,3.34,3.29,3.32,True,碧水源,False
2026-07-07,68.638,68.991,67.4,68.284,331642.0,109110218.0,3.31,3.33,3.24,3.29,True,碧水源,False
2026-07-08,67.931,68.815,67.577,68.284,264843.0,87133347.0,3.27,3.32,3.25,3.29,True,碧水源,False
2026-07-09,68.108,68.284,66.693,67.224,341664.0,110357472.0,3.28,3.29,3.2,3.23,True,碧水源,False
2026-07-10,67.224,72.527,66.87,70.936,898473.0,309074712.0,3.23,3.53,3.21,3.44,True,碧水源,False
2026-07-13,69.875,71.997,69.168,70.936,743525.0,255772600.0,3.38,3.5,3.34,3.44,True,碧水源,False
2026-07-14,70.406,72.174,70.052,71.113,542753.0,187249785.0,3.41,3.51,3.39,3.45,True,碧水源,False
2026-07-15,70.583,72.174,70.583,71.997,506125.0,177143750.0,3.42,3.51,3.42,3.5,True,碧水源,False
2026-07-16,71.643,72.704,71.113,71.997,443667.0,155283450.0,3.48,3.54,3.45,3.5,True,碧水源,False
2026-07-17,72.881,74.118,70.583,70.759,615682.0,211178926.0,3.55,3.62,3.42,3.43,True,碧水源,False
2026-07-20,70.759,72.527,70.583,71.997,574513.0,201079550.0,3.43,3.53,3.42,3.5,True,碧水源,False
2026-07-21,71.643,72.881,71.466,71.643,544888.0,189621024.0,3.48,3.55,3.47,3.48,True,碧水源,False
2026-07-22,71.29,71.29,69.875,70.759,493159.0,169153537.0,3.46,3.46,3.38,3.43,True,碧水源,False
2026-07-23,70.759,71.466,70.052,71.29,361864.0,125204944.0,3.43,3.47,3.39,3.46,True,碧水源,False
2026-07-24,70.936,71.643,69.875,69.875,323732.0,109421416.0,3.44,3.48,3.38,3.38,True,碧水源,False
2026-07-27,69.699,71.29,69.522,71.113,337345.0,116384025.0,3.37,3.46,3.36,3.45,True,碧水源,False
2026-07-28,70.759,71.466,70.583,70.936,253133.0,87077752.0,3.43,3.47,3.42,3.44,True,碧水源,False
2026-07-29,70.759,72.527,70.583,72.35,416596.0,146641792.0,3.43,3.53,3.42,3.52,True,碧水源,False
2026-07-30,72.174,73.234,71.997,73.058,390619.0,139060364.0,3.51,3.57,3.5,3.56,True,碧水源,False
2026-07-31,73.058,73.765,72.704,73.058,365889.0,130256484.0,3.56,3.6,3.54,3.56,True,碧水源,False
2026-08-03,72.881,74.649,72.881,74.472,358430.0,130468520.0,3.55,3.65,3.55,3.64,True,碧水源,False
2026-08-04,74.295,74.825,73.588,73.765,345631.0,124427160.0,3.63,3.66,3.59,3.6,True,碧水源,False
2026-08-05,73.941,73.941,72.704,72.881,312313.0,110871115.0,3.61,3.61,3.54,3.55,True,碧水源,False
2026-08-06,72.881,73.058,71.466,72.174,357507.0,125484957.0,3.55,3.56,3.47,3.51,True,碧水源,False
2026-08-07,71.997,72.35,71.113,71.997,331418.0,115996300.0,3.5,3.52,3.45,3.5,True,碧水源,False
2026-08-10,71.82,72.704,71.643,72.174,279975.0,98271225.0,3.49,3.54,3.48,3.51,True,碧水源,False
2026-08-11,72.174,72.527,71.643,71.997,244587.0,85605450.0,3.51,3.53,3.48,3.5,True,碧水源,False
2026-08-12,71.82,73.234,71.643,72.704,325088.0,115081152.0,3.49,3.57,3.48,3.54,True,碧水源,False
2026-08-13,72.704,72.704,71.643,71.997,322974.0,113040900.0,3.54,3.54,3.48,3.5,True,碧水源,False
2026-08-14,71.82,71.997,71.29,71.29,231348.0,80046408.0,3.49,3.5,3.46,3.46,True,碧水源,False
2026-08-17,71.29,71.466,70.406,71.29,250864.0,86798944.0,3.46,3.47,3.41,3.46,True,碧水源,False
2026-08-18,71.113,71.29,70.229,70.583,261842.0,89549964.0,3.45,3.46,3.4,3.42,True,碧水源,False
2026-08-19,70.406,70.759,69.345,69.875,281171.0,95035798.0,3.41,3.43,3.35,3.38,True,碧水源,False
2026-08-20,69.875,71.466,69.699,71.113,330745.0,114107025.0,3.38,3.47,3.37,3.45,True,碧水源,False
2026-08-21,70.936,71.113,70.052,70.759,219799.0,75391057.0,3.44,3.45,3.39,3.43,True,碧水源,False
2026-08-24,70.583,70.936,70.052,70.759,217819.0,74711917.0,3.42,3.44,3.39,3.43,True,碧水源,False
2026-08-25,70.759,71.5841778425656,70.3464110787172,71.1715889212828,370359.0,127590000.0,3.43,3.47,3.41,3.45,True,碧水源,True
2026-08-27,71.5841778425656,71.790472303207,70.759,71.5841778425656,284836.0,98410000.0,3.47,3.48,3.43,3.47,True,碧水源,True
